-5.805299999999999727e+01 0.000000000000000000e+00 0.000000000000000000e+00 0.000000000000000000e+00 0.000000000000000000e+00 0.000000000000000000e+00 0.000000000000000000e+00 0.000000000000000000e+00 0.000000000000000000e+00 0.000000000000000000e+00 0.000000000000000000e+00 0.000000000000000000e+00
0.000000000000000000e+00 -4.897999999999999687e+01 0.000000000000000000e+00 0.000000000000000000e+00 0.000000000000000000e+00 0.000000000000000000e+00 0.000000000000000000e+00 0.000000000000000000e+00 0.000000000000000000e+00 0.000000000000000000e+00 0.000000000000000000e+00 0.000000000000000000e+00
0.000000000000000000e+00 0.000000000000000000e+00 -1.964399999999999835e+01 0.000000000000000000e+00 0.000000000000000000e+00 0.000000000000000000e+00 0.000000000000000000e+00 0.000000000000000000e+00 0.000000000000000000e+00 0.000000000000000000e+00 0.000000000000000000e+00 0.000000000000000000e+00
0.000000000000000000e+00 0.000000000000000000e+00 0.000000000000000000e+00 -5.630199999999999960e+01 0.000000000000000000e+00 0.000000000000000000e+00 0.000000000000000000e+00 0.000000000000000000e+00 0.000000000000000000e+00 0.000000000000000000e+00 0.000000000000000000e+00 0.000000000000000000e+00
0.000000000000000000e+00 0.000000000000000000e+00 0.000000000000000000e+00 0.000000000000000000e+00 -1.721000000000000085e+01 0.000000000000000000e+00 0.000000000000000000e+00 0.000000000000000000e+00 0.000000000000000000e+00 0.000000000000000000e+00 0.000000000000000000e+00 0.000000000000000000e+00
0.000000000000000000e+00 0.000000000000000000e+00 0.000000000000000000e+00 0.000000000000000000e+00 0.000000000000000000e+00 -3.504599999999999937e+01 0.000000000000000000e+00 0.000000000000000000e+00 0.000000000000000000e+00 0.000000000000000000e+00 0.000000000000000000e+00 0.000000000000000000e+00
0.000000000000000000e+00 0.000000000000000000e+00 0.000000000000000000e+00 0.000000000000000000e+00 0.000000000000000000e+00 0.000000000000000000e+00 -3.310000000000000142e+01 0.000000000000000000e+00 0.000000000000000000e+00 0.000000000000000000e+00 0.000000000000000000e+00 0.000000000000000000e+00
0.000000000000000000e+00 0.000000000000000000e+00 0.000000000000000000e+00 0.000000000000000000e+00 0.000000000000000000e+00 0.000000000000000000e+00 0.000000000000000000e+00 -4.153399999999999892e+01 0.000000000000000000e+00 0.000000000000000000e+00 0.000000000000000000e+00 0.000000000000000000e+00
0.000000000000000000e+00 0.000000000000000000e+00 0.000000000000000000e+00 0.000000000000000000e+00 0.000000000000000000e+00 0.000000000000000000e+00 0.000000000000000000e+00 0.000000000000000000e+00 -4.244599999999999795e+01 0.000000000000000000e+00 0.000000000000000000e+00 0.000000000000000000e+00
0.000000000000000000e+00 0.000000000000000000e+00 0.000000000000000000e+00 0.000000000000000000e+00 0.000000000000000000e+00 0.000000000000000000e+00 0.000000000000000000e+00 0.000000000000000000e+00 0.000000000000000000e+00 -3.610600000000000165e+01 0.000000000000000000e+00 0.000000000000000000e+00
0.000000000000000000e+00 0.000000000000000000e+00 0.000000000000000000e+00 0.000000000000000000e+00 0.000000000000000000e+00 0.000000000000000000e+00 0.000000000000000000e+00 0.000000000000000000e+00 0.000000000000000000e+00 0.000000000000000000e+00 -1.311400000000000077e+01 0.000000000000000000e+00
0.000000000000000000e+00 0.000000000000000000e+00 0.000000000000000000e+00 0.000000000000000000e+00 0.000000000000000000e+00 0.000000000000000000e+00 0.000000000000000000e+00 0.000000000000000000e+00 0.000000000000000000e+00 0.000000000000000000e+00 0.000000000000000000e+00 -4.500000000000000000e+01
3.703443599999999947e+00 5.170723999999999876e+00 -9.810434999999984029e-01 -3.410389575843134224e+01 5.527669199999998284e+00 3.444698999999999955e-01 -4.892626400000001041e+00 -7.141629500000000519e+00 -5.912447000000042863e-01 -1.244402030000000181e+01 -1.653202339999999992e+01 -8.859277500000001027e+00
2.295736399999995569e+00 2.982850899999995420e+00 -5.766799000000020214e-01 -8.736254999999999882e+00 5.206191499999995642e+00 4.231479999999976371e-02 -1.444818600000004949e+00 -2.191708000000005541e+00 -3.011539999999968131e-02 -4.455905150000000248e+01 -4.455905150000000248e+01 -4.455905150000000248e+01
-5.306799999998474959e-01 5.197800000000825094e-01 -2.359899999996741826e-01 -5.346381599999999708e+02 -6.755999999995765393e-02 5.704599999999118154e-01 -2.859988800000000992e+02 -2.937044099999998252e+02 6.548000000020692823e-02 1.214005999999999403e+02 2.487910799999999654e+02 1.068633700000000317e+02
-1.398715500000008660e+00 -6.131393200000005095e+00 2.051481199999997784e+00 4.605945299999987697e+00 -2.420238700000012955e+00 -7.086002000000064527e-01 1.677841099999994867e+00 4.425224999999997522e+00 1.399305200000000582e+00 7.973365999999998621e+00 1.159286489999999503e+01 5.470524799999992638e+00
-1.824747659999999883e+01 -1.497928639999999234e+01 4.920824800000005439e+00 -3.003155649999999355e+01 -3.719241499999995426e+00 -9.127952999999990880e-01 2.837851860000000670e+01 3.380294260000000861e+01 6.103630100000003722e+00 5.440810060000001158e+01 4.691519060000001673e+01 4.778198059999999714e+01
3.008074299999996537e-02 2.864771300000001908e-02 -7.519790999999997894e-03 -5.278628800000001453e-02 -3.740518000000025989e-03 -3.374793503999999889e-01 -3.634386400000000350e-02 -4.837064000000002029e-02 -3.427292000000026206e-03 -6.358654899999999222e-02 -9.582285400000001285e-02 -6.972440600000001654e-02
-6.850771799999996858e+00 -5.141391799999993850e+00 6.849022000000104526e-01 -2.254199519999999524e+01 2.797688600000000747e+00 5.131449000000003480e-01 1.235208460000001196e+01 1.545499190000001022e+01 1.058333700000005706e+00 2.144275540000001001e+01 4.282847759999999937e+01 2.465807690000001173e+01
-1.402786959999999894e+01 -1.055086459999999704e+01 -2.192368099999995934e+00 -3.664697881000000024e+01 2.793072399999999789e+00 4.501151499999998862e+00 5.603313119999999969e+01 1.103481990000000224e+01 -8.477180000000004156e-01 1.612926310000000285e+01 2.392116999999998939e+00 1.793812220000000224e+01
5.033520000000407890e+00 2.424460000000181026e+00 -2.641599999999925785e+00 -8.671312899999998081e+02 -1.462549999999964712e+01 1.559860000000298896e+00 -2.937734799999998359e+02 -3.005682499999998072e+02 -3.313969999999699212e+00 -3.231511699999996381e+02 -3.045727999999999156e+02 -3.416450199999999313e+02
-3.476221999999999923e-01 -4.165092999999977508e-01 3.816280000000205064e-02 -9.628936999999986313e-01 1.009013000000003046e-01 3.317190000000280747e-02 -2.120767590999999896e+01 6.713453999999998700e-01 4.639429999999933329e-02 1.004401100000002600e+00 2.174399499999999819e+00 1.149648200000001452e+00
-1.298405200000004811e+00 8.645988999999971725e-01 -2.925290800000006186e+00 2.602089999999890324e-02 -8.873683000000056609e-01 4.211777800000000127e+00 -7.753683829999999944e+01 8.090526119999998400e+01 -1.127822900000005291e+00 2.389410999999981300e-01 3.847978099999998847e+00 5.553394999999952120e-01
-3.954299999995782855e-01 -1.228757999999970707e+01 -9.329699999998410931e-01 -6.410387599999999111e+02 1.060800900000003821e+02 5.489500000003317837e-01 -3.126036699999999655e+02 -3.127651199999995697e+02 -1.860689999999976862e+00 -3.129844299999999748e+02 -2.790411500000000160e+02 -3.583510999999998603e+02
-7.891959999999897946e-02 -1.092417999999995004e-01 -1.698889999999764200e-02 -2.393396499999997928e+00 7.895000000001317630e-03 3.882660000000015543e-02 5.719081000000002746e+00 -2.038247465999999974e+01 -2.985968999999997209e-01 1.139746999999999844e-01 4.301986000000006527e-01 1.421279000000019721e-01
-2.311159299999999917e+00 -8.202469999999948413e-01 -9.354972000000003618e-01 1.431781200000003196e+00 1.008853999999999473e+00 1.320312900000004674e+00 4.765533900000001211e+00 4.685410400000002085e+00 -9.227125899999997216e+00 5.166010899999996298e+00 1.586233150000000336e+01 6.249231000000001757e+00
1.553244399999999814e+01 5.512577000000021599e+00 6.287130999999988035e+00 -9.622473999999982652e+00 -6.780136999999996306e+00 -8.873335999999994783e+00 -3.202740099999999757e+01 -3.148892100000000482e+01 -2.279580392000000018e+02 -3.471913399999999683e+01 -1.066048779999999851e+02 -4.199889099999998621e+01
1.954335800000001200e+01 1.994056000000000495e+01 -6.070349999999962165e+00 -3.563055309999999736e+02 -2.617307999999997037e+01 2.037816000000020722e+00 -5.060763999999949192e+00 -1.466440299999999297e+01 -1.850588999999956741e+00 -2.819388099999997621e+01 -4.765754799999996294e+01 -2.571241199999997207e+01
-1.371715090000000004e+01 -1.089384580000000113e+01 3.317378900000008457e+00 -2.272417970000000054e+01 -2.586949500000002899e+00 -6.556341999999943937e-01 1.788617630000000247e+01 2.118569379999999569e+01 4.115269800000007194e+00 5.793680759999999452e+01 3.444938960000000350e+01 2.010834930000000043e+01
-9.024268100000000459e+00 -5.818070300000002248e+00 1.325281700000005003e+00 -1.920598009999999789e+01 9.151968999999979815e-01 -3.834906999999958543e-01 6.634047899999998776e+00 6.244232299999993074e+00 2.059506499999997686e+00 8.644596800000002190e+00 2.907143979999999317e+01 8.613035699999997519e+00
3.012221700000004887e+00 2.588554800000004263e+00 -7.562135999999952674e-01 -5.003190799999995164e+00 1.453260000000042851e-01 -5.383055999999974972e-01 3.981606000000041945e-01 -5.376058999999955290e-01 3.098311000000038007e-01 -3.789991999999955397e-01 -1.474965299999997370e+00 -7.776758999999948685e-01
3.498411699999994795e-01 1.799385000000004453e-01 1.996641000000032307e-02 1.652795910000000035e+00 9.558988999999940006e-02 6.389327700000002608e-01 8.389867500000001144e-01 7.136419800000002311e-01 -1.026330000000186260e-03 6.100349000000004906e-01 5.046210900000005495e-01 5.404261500000000495e-01
3.396100299999996963e+00 3.117864399999998426e+00 5.511935999999977298e-01 -7.537982100000000685e+00 5.242781999999976961e-01 -9.594930000000090331e-02 4.670072999999987928e-01 -6.907423000000001423e-01 1.367809999999991533e-01 -1.241846000000030870e-01 -1.306918800000001823e+00 -5.452010999999998830e-01
-6.151354839999999768e+00 1.650275819999999172e+00 -4.554327499999999418e-01 9.339558720000001202e+00 -2.751223899999999389e-01 1.260900000001896615e-04 -1.696083250000000042e+00 -2.113239590000000057e+00 -5.036407700000005150e-01 -1.970092240000000494e+00 -2.267776320000000290e+00 -2.053668600000000843e+00
-1.290474000000010335e-01 -6.505445599999999828e+00 1.230931500000000511e+00 3.474589900000001563e+00 1.088109999999886668e-02 -2.689740000000000464e-01 -3.481020000000007997e-01 1.560002900000000636e+00 4.652160999999992441e-01 1.712054000000001963e+00 9.814538000000005979e-01 1.327823300000002149e+00
-1.107464500000001628e-01 -2.286748000000016212e-02 -1.511085000000012002e-02 -1.574723200000001100e-01 -4.540360000000021046e-03 1.164785299999999690e-01 3.142085999999988388e-02 2.448294499999998930e-01 -2.652330000000002741e-02 2.808994499999999395e-01 5.000738199999998912e-01 3.237503699999999540e-01
3.573249199999999348e+00 1.972319800000001067e+00 -1.335059199999996338e+00 5.414946000000000481e-01 -5.260419999999967899e-01 -3.923006999999998357e-01 -1.266520000000070922e-02 -7.114036999999981958e-01 -3.380346000000002959e-01 -2.068624699999997318e+00 -4.935283099999999479e+00 -2.381349799999998851e+00
-9.064931000000004957e-01 -9.057922999999998837e-01 1.284171999999994540e-01 1.652380400000000193e+00 -4.482727000000004125e-01 4.131818000000002655e-01 2.448400700000000541e+00 2.425347000000000364e+00 -2.065046000000005932e-01 3.009579999999999700e+00 3.498196099999999475e+00 3.347478600000000526e+00
3.979393800000000425e+00 2.433963699999999619e+00 7.860987000000001501e-01 -1.527712600000000975e+00 -4.863716999999994073e-01 -4.105869000000019753e-01 -1.555818500000000881e+00 -2.396788600000000713e+00 -2.466857000000004518e-01 -3.947480000000002320e+00 -6.886803100000001621e+00 -4.105823100000002057e+00
-4.902209779999999739e+00 2.230897200000001135e+00 -8.405564299999994660e-01 -7.507409099999993174e-01 4.753304000000113660e-02 2.121328499999997064e-01 -6.435965489999999178e+00 -6.902454599999999552e+00 -1.196917599999999915e+00 -8.044417338999998890e+00 -7.374239253999999022e+00 -7.153432159999999485e+00
-1.464613100000001111e+00 -5.693374699999999677e+00 1.003506099999999179e+00 1.605766600000000821e+00 1.622749999999939519e-02 -7.797759000000006324e-01 1.925865299999999891e+00 4.140726599999998925e+00 8.145801999999999765e-01 5.135242700000000937e+00 1.441638899999999168e+00 3.084436500000000692e+00
-2.739041199999998621e-01 -2.380950199999998240e-01 5.037067000000017281e-02 -2.710830300000000026e-01 -1.127264799999998512e-01 1.528042800000000145e-01 4.504643999999999870e-01 7.706206599999998463e-01 9.578379999999997452e-03 1.236170280000000288e+00 1.826451450000000198e+00 1.463990090000000022e+00
-6.575364900000000290e-01 -3.394048000000000620e-01 1.526071999999967232e-02 -1.121595940000000180e+00 1.732397899999997826e-01 -9.214133000000002127e-02 1.717805319999999636e+00 2.047819159999999972e+00 3.333884999999980892e-02 3.042564410000000219e+00 7.426046389999999775e+00 3.690317039999999604e+00
-2.150462879999999188e-01 -1.029659199999999331e-01 -4.148488999999999649e-02 -4.768546159999998979e-01 1.660358800000001356e-01 1.030501299999999620e-01 8.779266299999999301e-01 1.023215549999999974e+00 -3.180593999999992150e-02 1.553124849999999890e+00 4.322385999999999839e+00 1.987867859999999931e+00
-3.055969389999999702e-02 1.316563210000000483e-02 -2.039597769999999116e-02 9.004599227999999789e-01 6.986003000000004515e-03 -3.020341809999999710e-02 -5.668550089999999098e-02 -4.101737029999999451e-02 -1.325238929999999343e-02 -4.134750539999999808e-02 -5.574075479999999333e-02 -6.219075925999999199e-02
6.008913799999993088e-02 -8.474732500000003999e-02 1.230650169999999433e-01 4.719220980999999426e+00 1.226323999999989756e-02 -1.078016980000000569e-01 -1.707755170000000433e-01 -3.147570100000007809e-02 3.182015809999998446e-01 -1.743804900000001101e-02 -1.901637220000000905e-01 -4.071995400000005816e-02
-8.521885500000006552e-03 1.321220899999998866e-02 7.435217999999993443e-03 3.929725109999999688e-01 -1.304545910000000364e-02 -6.137846700000004763e-03 -8.039761200000009045e-03 -6.449665600000001331e-03 4.151410399999999612e-02 9.897384999999994659e-03 -7.290486200000001471e-03 3.968576000000001436e-03
5.831674999999947318e-01 1.128549999999997056e+00 1.286427599999996119e+00 -1.724624300000002108e+00 6.543799999999961869e-01 -8.103180000000520522e-02 -1.447392500000006521e+00 1.057015099999993879e+00 1.048832799999999565e+00 1.542693899999996177e+00 3.072162999999932254e-01 2.540438999999992120e-01
-4.995686000000034710e-01 -7.253252000000003363e-01 -4.372727000000011799e-01 -2.125397200000001874e+00 2.071734999999961246e-01 1.520626999999997508e+00 1.365529999999992583e-01 -2.535778000000021848e-01 -9.869438999999999851e-01 -8.885616000000027270e-01 5.398427999999952931e-01 -7.086220000000054142e-02
