 2.50525875e-001 2.50525875e-001 5.08289796e-002 2.50525875e-001 2.50525875e-001 2.50525875e-001 2.50525875e-001 2.50525875e-001 2.50525875e-001 2.50525875e-001 2.50525875e-001 2.50525875e-001 2.50525875e-001
 2.90554007e+002 3.66406036e+003 3.66406036e+003 3.66406036e+003 3.66406036e+003 3.66406036e+003 3.66406036e+003 3.66406036e+003 3.66406036e+003 3.66406036e+003 3.66406036e+003 3.66406036e+003 3.66406036e+003
 4.50929289e+003 4.17681816e+002 4.50929289e+003 4.50929289e+003 4.50929289e+003 4.50929289e+003 4.50929289e+003 4.50929289e+003 4.50929289e+003 4.50929289e+003 4.50929289e+003 4.50929289e+003 4.50929289e+003
 9.34775432e+000 9.34775432e+000 9.34775432e+000 7.62434694e-001 9.34775432e+000 9.34775432e+000 9.34775432e+000 9.34775432e+000 9.34775432e+000 9.34775432e+000 9.34775432e+000 9.34775432e+000 9.34775432e+000
 3.78073398e+001 3.92746202e+001 3.31228527e+001 4.41568659e-007 3.96315654e+001 3.44483661e+001 2.92112698e+001 2.69622667e+001 3.35126515e+001 2.16598759e+001 1.75718728e+001 2.52446187e+001 3.41038962e+001
 4.74460000e+001 4.74460000e+001 4.74460000e+001 4.74460000e+001 4.74460000e+001 4.74460000e+001 4.74460000e+001 4.74460000e+001 5.00000000e+000 4.74460000e+001 4.74460000e+001 4.74460000e+001 4.74460000e+001
 4.11060000e+001 4.11060000e+001 4.11060000e+001 4.11060000e+001 4.11060000e+001 4.11060000e+001 4.11060000e+001 4.11060000e+001 4.11060000e+001 5.00000000e+000 4.11060000e+001 4.11060000e+001 4.11060000e+001
 1.81140000e+001 1.81140000e+001 1.81140000e+001 1.81140000e+001 1.81140000e+001 1.81140000e+001 1.81140000e+001 1.81140000e+001 1.81140000e+001 1.81140000e+001 5.00000000e+000 1.81140000e+001 1.81140000e+001
 5.00000000e+001 5.00000000e+001 5.00000000e+001 5.00000000e+001 5.00000000e+001 5.00000000e+001 5.00000000e+001 5.00000000e+001 5.00000000e+001 5.00000000e+001 5.00000000e+001 5.00000000e+000 5.00000000e+001
 4.68547879e+001 4.75419024e+001 4.39823716e+001 3.58227965e+001 4.97652430e+001 4.46013663e+001 4.31142329e+001 4.23673435e+001 4.45289361e+001 0.00000000e+000 0.00000000e+000 0.00000000e+000 4.45590515e+001
 3.00099935e+003 3.00204981e+003 3.00129404e+003 2.46689187e+003 3.00146247e+003 3.00210049e+003 2.71553115e+003 2.70782562e+003 3.00159551e+003 3.12293063e+003 3.25032111e+003 3.10839340e+003 3.00153003e+003
 6.91420567e+001 6.44093790e+001 7.25922534e+001 7.51467175e+001 6.81205335e+001 6.98321720e+001 7.22186133e+001 7.49659972e+001 7.19400774e+001 7.85141382e+001 8.21336371e+001 7.60112970e+001 7.05407722e+001
 6.80739988e+001 7.13421890e+001 9.12423002e+001 5.62899189e+001 8.26022339e+001 8.54086801e+001 1.14699994e+002 1.20124418e+002 9.24251055e+001 1.40729576e+002 1.33236666e+002 1.34103456e+002 8.63214754e+001
 4.15955455e-001 4.14522425e-001 3.78354921e-001 3.33088424e-001 3.82134194e-001 4.83953616e-002 3.49530848e-001 3.37504072e-001 3.82447420e-001 3.22288163e-001 2.90051858e-001 3.16150306e-001 3.85874712e-001
 5.76100466e+001 5.93194266e+001 6.51457206e+001 4.19188232e+001 6.72585070e+001 6.49739633e+001 7.68129030e+001 7.99158103e+001 6.55191521e+001 8.59035738e+001 1.07289296e+002 8.91188953e+001 6.44608184e+001
 2.48291048e+001 2.83061098e+001 3.66646063e+001 2.20999559e+000 4.16500468e+001 4.33581259e+001 9.48901056e+001 4.98917943e+001 3.80092564e+001 5.49862375e+001 4.12490914e+001 5.67950966e+001 3.88569744e+001
 2.94221966e+003 2.93961060e+003 2.93454454e+003 2.07005485e+003 2.92256064e+003 2.93874600e+003 2.64341266e+003 2.63661789e+003 2.93387217e+003 2.61403497e+003 2.63261334e+003 2.59554112e+003 2.93718614e+003
 2.41322357e+001 2.40633486e+001 2.45180207e+001 2.35169642e+001 2.45807592e+001 2.45130298e+001 3.27218199e+000 2.51512033e+001 2.45262522e+001 2.54842590e+001 2.66542574e+001 2.56295061e+001 2.44798579e+001
 4.85216516e+001 5.06846557e+001 4.68947660e+001 4.98460777e+001 4.89326885e+001 5.40318346e+001 -2.77167815e+001 1.30725318e+002 4.86922339e+001 5.00589979e+001 5.36680349e+001 5.03753963e+001 4.98200568e+001
 3.41769318e+003 3.40580103e+003 3.41715564e+003 2.77704985e+003 3.52416870e+003 3.41863756e+003 3.10548494e+003 3.10532349e+003 3.41622792e+003 3.10510418e+003 3.13904746e+003 3.05973751e+003 3.41808861e+003
 2.27692327e+001 2.27389105e+001 2.28311634e+001 2.04547558e+001 2.28560473e+001 2.28869789e+001 2.85672333e+001 2.46567764e+000 2.25495554e+001 2.29621270e+001 2.32783509e+001 2.29902802e+001 2.28481523e+001
 5.86872031e+001 6.01781154e+001 6.00628652e+001 6.24301436e+001 6.20072164e+001 6.23186753e+001 6.57638963e+001 6.56837728e+001 5.17712365e+001 6.61643733e+001 7.68606939e+001 6.72475934e+001 6.09983624e+001
 2.77648059e+002 2.67628192e+002 2.68402746e+002 2.52493141e+002 2.55335478e+002 2.53242279e+002 2.30088214e+002 2.30626694e+002 3.41575758e+001 2.27396481e+002 1.55510737e+002 2.20116724e+002 2.62115615e+002
 3.75848889e+002 3.76246091e+002 3.50235181e+002 0.00000000e+000 3.30132451e+002 3.58343347e+002 3.51244767e+002 3.41641128e+002 3.54454942e+002 3.28111650e+002 3.08647983e+002 3.30593119e+002 3.56305531e+002
 5.95160845e+001 6.23393896e+001 7.65506143e+001 5.05090557e+001 7.06462859e+001 7.25776012e+001 9.11194117e+001 9.44189292e+001 7.73485052e+001 1.31170043e+002 1.07682625e+002 9.33415847e+001 7.32332354e+001
 6.20083621e+001 6.52145599e+001 7.23579119e+001 5.18266501e+001 7.19478271e+001 7.06491395e+001 7.76666781e+001 7.72768625e+001 7.30921367e+001 7.96772270e+001 1.00104070e+002 7.96456659e+001 7.10326302e+001
 3.56975526e+001 3.47748039e+001 3.18178777e+001 2.75288398e+001 3.23091621e+001 3.25621656e+001 3.31159135e+001 3.22587359e+001 3.25799251e+001 3.22547438e+001 3.11594190e+001 3.18449682e+001 3.23336255e+001
 8.55201503e+000 8.81761665e+000 8.56392610e+000 1.00241609e+001 8.54204198e+000 8.94521363e+000 9.04096096e+000 8.86368360e+000 8.41626980e+000 8.77486674e+000 8.73363713e+000 8.82183534e+000 8.42715789e+000
 3.02409525e+001 2.98089594e+001 2.73538812e+001 1.97106596e+001 2.70634856e+001 2.66224250e+001 2.70264803e+001 2.60781988e+001 2.68642280e+001 2.68226650e+001 2.51993253e+001 2.60573808e+001 2.67285192e+001
 3.10308455e+000 1.03903793e+001 8.50259141e+000 1.80767906e+001 8.51364002e+000 8.74754272e+000 6.92552604e+000 6.75002871e+000 8.42125345e+000 6.66023212e+000 6.68670357e+000 6.76938486e+000 8.54880274e+000
 1.76866690e+001 1.08713144e+001 1.82947571e+001 2.08512528e+001 1.75441452e+001 1.72519371e+001 1.70032050e+001 1.87519853e+001 1.80434816e+001 1.86179401e+001 1.80646078e+001 1.93981080e+001 1.78240303e+001
 1.30083391e+000 1.36640361e+000 1.46932255e+000 1.27644561e+000 1.38873925e+000 1.55811548e+000 1.40864062e+000 1.64157582e+000 1.37173766e+000 1.69058711e+000 1.95864125e+000 1.78412152e+000 1.42131409e+000
 3.77107639e+001 3.59768350e+001 3.28767350e+001 3.48790158e+001 3.34867038e+001 3.39131849e+001 3.42581205e+001 3.30792001e+001 3.42379735e+001 3.22335281e+001 2.87946176e+001 3.14310642e+001 3.39114591e+001
 1.04824748e+001 1.04013981e+001 1.14625944e+001 1.30266973e+001 1.06870047e+001 1.18411290e+001 1.36613203e+001 1.38194068e+001 1.13806852e+001 1.42224597e+001 1.48890576e+001 1.45754073e+001 1.12592877e+001
 3.06979950e+001 2.94821078e+001 2.63885556e+001 2.48624440e+001 2.71955333e+001 2.60776774e+001 2.55349464e+001 2.41994175e+001 2.64399603e+001 2.28404201e+001 1.94494802e+001 2.20348210e+001 2.66430561e+001
 3.31550157e+000 1.04015735e+001 7.08519783e+000 7.42174357e+000 8.37021445e+000 8.13220559e+000 1.91171167e+000 1.15408824e+000 6.63754412e+000 2.02122865e-001 8.59176879e-001 1.00686443e+000 8.06472563e+000
 1.37875455e+001 9.66663483e+000 1.62628250e+001 1.59028547e+001 1.45148006e+001 1.42404666e+001 1.70213574e+001 1.82532458e+001 1.58193096e+001 1.94276378e+001 1.66748191e+001 1.83921650e+001 1.51980882e+001
 1.19859429e+000 1.28375636e+000 1.52939510e+000 1.16869210e+000 1.33536891e+000 1.61617700e+000 1.94792227e+000 2.28151938e+000 1.48997790e+000 2.76180656e+000 3.31537730e+000 2.93926709e+000 1.49109572e+000
 1.93355496e+000 2.29265742e+000 2.58781777e+000 1.69113838e+000 2.90592350e+000 2.68315922e+000 4.43177818e+000 4.75879118e+000 2.78186793e+000 5.79480026e+000 1.00124077e+001 6.38966849e+000 2.65441938e+000
 9.35049440e-001 1.08287244e+000 1.13296548e+000 8.16908422e-001 1.27896782e+000 1.29090187e+000 2.07473793e+000 2.29137129e+000 1.27308030e+000 2.76688342e+000 5.49785007e+000 3.14402679e+000 1.15244112e+000
 3.03390796e-002 9.43114103e-002 5.65361747e-002 9.56063580e-001 7.31498354e-002 5.00382670e-002 1.81563967e-002 5.54190047e-003 7.39248323e-002 1.99327570e-002 3.26491764e-002 -5.67605961e-003 5.13341464e-002
 9.51292346e-001 7.84484918e-001 9.86009249e-001 5.60263500e+000 8.84848059e-001 7.57504139e-001 7.12135788e-001 8.28300626e-001 1.18599193e+000 8.17887188e-001 6.62839239e-001 8.23148516e-001 8.62882806e-001
 1.05048806e-001 1.01510744e-001 1.12804249e-001 4.80749391e-001 9.02729989e-002 1.14633279e-001 9.43558843e-002 9.92858582e-002 1.44575829e-001 9.33667767e-002 8.06522564e-002 8.54680535e-002 1.01416771e-001
 5.33977550e+001 5.36171694e+001 5.38128928e+001 5.17316912e+001 5.37946390e+001 5.23319372e+001 5.19532298e+001 5.42483772e+001 5.38140997e+001 5.41217630e+001 5.29541058e+001 5.33001502e+001 5.34608524e+001
 4.42357315e+001 4.32659717e+001 4.33283530e+001 4.15867205e+001 4.33788204e+001 4.49452415e+001 4.42920708e+001 4.23383527e+001 4.29260175e+001 4.38028856e+001 4.43035189e+001 4.34807347e+001 4.31605693e+001
