 2.50525875e-001 2.50525875e-001 1.01657959e+000 2.50525875e-001 2.50525875e-001 2.50525875e-001 2.50525875e-001 2.50525875e-001 2.50525875e-001 2.50525875e-001 2.50525875e-001 2.50525875e-001 2.50525875e-001
 5.81108014e+003 3.66406036e+003 3.66406036e+003 3.66406036e+003 3.66406036e+003 3.66406036e+003 3.66406036e+003 3.66406036e+003 3.66406036e+003 3.66406036e+003 3.66406036e+003 3.66406036e+003 3.66406036e+003
 4.50929289e+003 8.35363632e+003 4.50929289e+003 4.50929289e+003 4.50929289e+003 4.50929289e+003 4.50929289e+003 4.50929289e+003 4.50929289e+003 4.50929289e+003 4.50929289e+003 4.50929289e+003 4.50929289e+003
 9.34775432e+000 9.34775432e+000 9.34775432e+000 1.52486939e+001 9.34775432e+000 9.34775432e+000 9.34775432e+000 9.34775432e+000 9.34775432e+000 9.34775432e+000 9.34775432e+000 9.34775432e+000 9.34775432e+000
 1.90675154e+001 1.77937534e+001 3.81416340e+001 2.17344533e+001 3.98660975e-007 3.39862073e+001 2.55262145e+001 2.69414835e+001 3.41876106e+001 3.52625957e+001 3.95216813e+001 3.41879515e+001 3.41038962e+001
 4.74460000e+001 4.74460000e+001 4.74460000e+001 4.74460000e+001 4.74460000e+001 4.74460000e+001 4.74460000e+001 4.74460000e+001 1.00000000e+002 4.74460000e+001 4.74460000e+001 4.74460000e+001 4.74460000e+001
 4.11060000e+001 4.11060000e+001 4.11060000e+001 4.11060000e+001 4.11060000e+001 4.11060000e+001 4.11060000e+001 4.11060000e+001 4.11060000e+001 1.00000000e+002 4.11060000e+001 4.11060000e+001 4.11060000e+001
 1.81140000e+001 1.81140000e+001 1.81140000e+001 1.81140000e+001 1.81140000e+001 1.81140000e+001 1.81140000e+001 1.81140000e+001 1.81140000e+001 1.81140000e+001 1.00000000e+002 1.81140000e+001 1.81140000e+001
 5.00000000e+001 5.00000000e+001 5.00000000e+001 5.00000000e+001 5.00000000e+001 5.00000000e+001 5.00000000e+001 5.00000000e+001 5.00000000e+001 5.00000000e+001 5.00000000e+001 1.00000000e+002 5.00000000e+001
 0.00000000e+000 1.89166327e+001 4.83294564e+001 3.19976824e+001 2.33140591e+001 4.46578550e+001 4.19919614e+001 4.23564744e+001 4.45521454e+001 4.58497481e+001 4.86932148e+001 4.46123730e+001 4.45590515e+001
 3.17155145e+003 3.03091106e+003 3.00140073e+003 3.14670994e+003 2.62416097e+003 3.00114943e+003 2.73933885e+003 2.70674101e+003 3.00179622e+003 3.00576787e+003 3.00246773e+003 3.00179715e+003 3.00153003e+003
 8.07097298e+001 8.63724667e+001 6.02649918e+001 7.78873794e+001 1.03150660e+002 7.06043015e+001 7.68455049e+001 7.49713182e+001 7.05629198e+001 7.26550433e+001 6.51383288e+001 7.14028505e+001 7.05407722e+001
 1.36361571e+002 1.38803345e+002 8.13521784e+001 1.35519000e+002 1.33233018e+002 8.44342521e+001 1.22365160e+002 1.20211251e+002 8.46250380e+001 5.96024124e+001 5.61156739e+001 8.42805450e+001 8.63214754e+001
 3.01967828e-001 2.87575496e-001 4.25079983e-001 3.55270839e-001 3.27924992e-001 9.64419482e-001 3.29689457e-001 3.37307245e-001 3.87012592e-001 4.05082724e-001 4.40464803e-001 3.86823242e-001 3.85874712e-001
 9.29931650e+001 9.82695575e+001 6.63303034e+001 8.52980741e+001 7.93481776e+001 6.36267010e+001 8.28299315e+001 7.99889476e+001 6.41218352e+001 6.10141188e+001 2.55458505e+001 6.46289512e+001 6.44608184e+001
 5.45485465e+001 5.58615442e+001 6.07236199e+001 5.61041128e+001 2.41224958e+000 3.55755494e+001 2.46922040e+000 4.99385709e+001 3.97800646e+001 2.54119001e+001 4.43943553e+001 3.68510638e+001 3.88569744e+001
 2.54716701e+003 2.62210026e+003 2.93904702e+003 2.82454415e+003 2.46150565e+003 2.93705656e+003 2.67146174e+003 2.63552826e+003 2.93847869e+003 2.94959294e+003 2.93975830e+003 2.93902267e+003 2.93718614e+003
 2.58452666e+001 2.63883024e+001 2.45248909e+001 2.53722435e+001 2.51092980e+001 2.44302803e+001 6.66069319e+001 2.51544826e+001 2.44604019e+001 2.42385545e+001 2.28985782e+001 2.44737877e+001 2.44798579e+001
 5.06109332e+001 4.99873219e+001 6.20842412e+001 5.32579128e+001 5.13077320e+001 4.77152228e+001 1.24289262e+002 -2.76893779e+001 4.73271433e+001 4.93833185e+001 4.00857630e+001 4.84805514e+001 4.98200568e+001
 3.03743530e+003 3.12462024e+003 3.41696594e+003 3.35449250e+003 2.74558130e+003 3.41883990e+003 3.14901357e+003 3.10414288e+003 3.41960273e+003 3.43477134e+003 3.41774409e+003 3.42009379e+003 3.41808861e+003
 2.30249002e+001 2.31679576e+001 2.29085206e+001 2.40611955e+001 2.30391496e+001 2.28209438e+001 2.16137841e+001 4.93130467e+001 2.30958550e+001 2.28315688e+001 2.24132287e+001 2.28473220e+001 2.28481523e+001
 6.84536545e+001 7.14227735e+001 6.44631036e+001 6.31586114e+001 6.82036061e+001 6.01107160e+001 6.76849804e+001 6.56721134e+001 6.78086512e+001 6.15541082e+001 3.85610560e+001 6.13279482e+001 6.09983624e+001
 2.12011318e+002 1.92056994e+002 2.38830368e+002 2.47597357e+002 2.13691831e+002 2.68081159e+002 2.17177259e+002 2.30705036e+002 4.55984018e+002 2.58380617e+002 4.12908472e+002 2.59900584e+002 2.62115615e+002
 3.14498270e+002 2.99893828e+002 3.94509008e+002 3.47164333e+002 3.10754834e+002 3.55748119e+002 3.33875231e+002 3.41569745e+002 3.56919002e+002 3.69450774e+002 3.59632170e+002 3.57246702e+002 3.56305531e+002
 1.09275966e+002 1.09597910e+002 6.97897270e+001 1.05503361e+002 1.03915913e+002 7.19333097e+001 9.56617355e+001 9.44753130e+001 7.19981973e+001 4.78313105e+001 5.09784110e+001 7.38732455e+001 7.32332354e+001
 7.56525522e+001 7.33883025e+001 7.07244154e+001 8.14108794e+001 6.69937586e+001 7.04888393e+001 7.65037306e+001 7.72841388e+001 7.02712008e+001 5.93728695e+001 4.39594814e+001 7.04895617e+001 7.10326302e+001
 3.04412120e+001 2.90082317e+001 3.86769801e+001 3.35119997e+001 3.14077000e+001 3.20819660e+001 3.08709674e+001 3.22012172e+001 3.29064275e+001 3.26958618e+001 3.50419382e+001 3.27163798e+001 3.23564817e+001
 8.73599182e+000 8.49674127e+000 8.50154133e+000 7.76494694e+000 7.51749319e+000 8.15808222e+000 8.50857305e+000 8.88372886e+000 8.36878074e+000 8.43313927e+000 7.96393708e+000 8.40618669e+000 8.27022337e+000
 2.48965726e+001 2.37601492e+001 2.41918879e+001 2.93139116e+001 2.62409264e+001 2.77969987e+001 2.54168167e+001 2.62118249e+001 2.70463474e+001 2.75289796e+001 2.92120401e+001 2.67721547e+001 2.66039605e+001
 9.72487275e+000 6.65093879e+000 8.44448714e+000 6.08029342e+000 9.85499679e+000 9.02988568e+000 6.84452577e+000 7.02484238e+000 9.05823030e+000 9.66141492e+000 1.13274388e+001 8.86211308e+000 9.08700534e+000
 1.88871410e+001 2.46356091e+001 1.41344387e+001 1.64459068e+001 1.80923660e+001 1.80825401e+001 2.04394241e+001 1.90656153e+001 1.74129083e+001 1.59453763e+001 1.37141763e+001 1.71870641e+001 1.71390393e+001
 1.71224200e+000 1.81881451e+000 1.63212644e+000 1.55840332e+000 2.30095082e+000 1.37303638e+000 1.89533577e+000 1.66850225e+000 1.44457932e+000 1.23834957e+000 9.57831458e-001 1.37168526e+000 1.47673841e+000
 3.03918268e+001 2.76209061e+001 4.04891917e+001 3.40192477e+001 3.28364331e+001 3.34029765e+001 3.19211917e+001 3.31236610e+001 3.39688338e+001 3.51091577e+001 3.69089673e+001 3.38336964e+001 3.40384191e+001
 1.53602001e+001 1.54607878e+001 1.09692906e+001 1.40415897e+001 1.82413563e+001 1.07304030e+001 1.34155830e+001 1.38415946e+001 1.10497136e+001 1.08285678e+001 9.69349547e+000 1.11817155e+001 1.11935598e+001
 2.02197543e+001 1.80805977e+001 2.28441241e+001 2.51146630e+001 2.16473830e+001 2.69580234e+001 2.28707236e+001 2.38703759e+001 2.66544486e+001 2.83498440e+001 3.06675292e+001 2.68563716e+001 2.69350630e+001
 7.41280747e-001 7.35179150e-001 8.09294983e+000 1.37261831e-001 1.95166955e-001 8.46091155e+000 1.14296631e+000 1.22274091e+000 8.40236509e+000 9.44101791e+000 1.11369415e+001 8.11420361e+000 8.00950047e+000
 1.88985327e+001 2.30811179e+001 1.12550489e+001 1.55689863e+001 1.54081098e+001 1.53201657e+001 2.04720024e+001 1.85565549e+001 1.44532650e+001 1.21117439e+001 9.81790824e+000 1.48767932e+001 1.49342634e+001
 3.19179048e+000 3.63044368e+000 1.63015823e+000 2.67083710e+000 4.06735189e+000 1.37899031e+000 2.55473103e+000 2.26716834e+000 1.52345357e+000 1.10043024e+000 8.09378332e-001 1.40274261e+000 1.50364024e+000
 7.24197601e+000 7.72615838e+000 2.74906215e+000 5.32040546e+000 5.09553143e+000 2.55414968e+000 5.03322676e+000 4.87369927e+000 2.52622788e+000 2.31483539e+000 5.37237849e-001 2.62858028e+000 2.57057995e+000
 3.55008781e+000 4.15542431e+000 1.35756763e+000 2.60192074e+000 2.56157620e+000 1.14367531e+000 2.50845163e+000 2.26862309e+000 1.21337135e+000 1.12382762e+000 1.38342434e-001 1.26023592e+000 1.24023086e+000
 2.54502331e-002 5.83721092e-003 3.66846208e-002 1.25034819e-002 1.27375309e-002 5.03128064e-002 4.41085791e-003 1.54732213e-002 6.10865884e-002 5.61536871e-002 2.96214167e-001 3.86387365e-002 3.67475627e-002
 8.15307267e-001 8.19103673e-001 5.39988436e-001 6.89654189e-001 6.84923471e-001 9.63199070e-001 1.52254078e+000 8.36239735e-001 7.33606122e-001 8.55130443e-001 1.85563566e+000 8.89032274e-001 8.80378718e-001
 9.14686889e-002 1.10366701e-001 7.56530607e-002 9.47120164e-002 1.55308513e-001 9.98436959e-002 1.78414941e-001 1.04052921e-001 8.54217510e-002 1.11435516e-001 1.87021745e-001 9.59883287e-002 8.52379615e-002
 5.39025341e+001 5.41580711e+001 5.15801041e+001 5.24766334e+001 5.34245722e+001 5.35982721e+001 5.39578167e+001 5.39781963e+001 5.28083763e+001 5.27047264e+001 5.37448810e+001 5.36434250e+001 5.35628223e+001
 4.40362507e+001 4.49398994e+001 4.64300694e+001 4.31602443e+001 4.35784885e+001 4.35316424e+001 4.34301201e+001 4.40933989e+001 4.49153810e+001 4.45399206e+001 4.20174759e+001 4.46430457e+001 4.50832205e+001