 2.48859219e-001 2.48859219e-001 1.01491294e+000 2.48859219e-001 2.48859219e-001 2.48859219e-001 2.50525875e-001 2.48859219e-001 2.48859219e-001 2.48859219e-001 2.48859219e-001 2.48859219e-001 2.48859219e-001
 5.81471526e+003 3.66769548e+003 3.66769548e+003 3.66769548e+003 3.66769548e+003 3.66769548e+003 3.66406036e+003 3.66769548e+003 3.66769548e+003 3.66769548e+003 3.66769548e+003 3.66769548e+003 3.66769548e+003
 4.50282039e+003 8.34716382e+003 4.50282039e+003 4.50282039e+003 4.50282039e+003 4.50282039e+003 4.50929289e+003 4.50282039e+003 4.50282039e+003 4.50282039e+003 4.50282039e+003 4.50282039e+003 4.50282039e+003
 9.36457120e+000 9.36457120e+000 9.36457120e+000 1.52655108e+001 9.36457120e+000 9.36457120e+000 9.34775432e+000 9.36457120e+000 9.36457120e+000 9.36457120e+000 9.36457120e+000 9.36457120e+000 9.36457120e+000
 2.36155031e+001 2.53752206e+001 2.69734217e+001 2.54553526e+001 8.29152396e+000 2.68797819e+001 2.55262145e+001 2.70162621e+001 2.69675037e+001 3.45248568e+001 2.78845723e+001 2.92717260e+001 2.70162069e+001
 4.74460000e+001 4.74460000e+001 4.74460000e+001 4.74460000e+001 4.74460000e+001 4.74460000e+001 4.74460000e+001 4.74460000e+001 1.00000000e+002 4.74460000e+001 4.74460000e+001 4.74460000e+001 4.74460000e+001
 4.11060000e+001 4.11060000e+001 4.11060000e+001 4.11060000e+001 4.11060000e+001 4.11060000e+001 4.11060000e+001 4.11060000e+001 4.11060000e+001 1.00000000e+002 4.11060000e+001 4.11060000e+001 4.11060000e+001
 1.81140000e+001 1.81140000e+001 1.81140000e+001 1.81140000e+001 1.81140000e+001 1.81140000e+001 1.81140000e+001 1.81140000e+001 1.81140000e+001 1.81140000e+001 1.00000000e+002 1.81140000e+001 1.81140000e+001
 5.00000000e+001 5.00000000e+001 5.00000000e+001 5.00000000e+001 5.00000000e+001 5.00000000e+001 5.00000000e+001 5.00000000e+001 5.00000000e+001 5.00000000e+001 5.00000000e+001 1.00000000e+002 5.00000000e+001
 4.20775975e+001 4.21444587e+001 4.30715901e+001 4.57388579e+001 2.56348342e+001 4.22736862e+001 4.19919614e+001 4.23611246e+001 4.23696964e+001 4.50608855e+001 4.25996931e+001 4.27990542e+001 4.23610484e+001
 2.67382653e+003 2.76628878e+003 2.72671979e+003 2.90933094e+003 2.89973358e+003 2.68827108e+003 2.73933885e+003 2.70629817e+003 2.70782251e+003 2.91536160e+003 2.56072078e+003 2.76543208e+003 2.70629858e+003
 7.99087556e+001 7.71485069e+001 7.45734699e+001 7.64112637e+001 8.27471923e+001 7.38446204e+001 7.68455049e+001 7.42916744e+001 7.43368107e+001 7.04779843e+001 6.98032615e+001 7.27723254e+001 7.42918011e+001
 1.37920697e+002 1.23789536e+002 1.22012526e+002 1.30277037e+002 1.25111984e+002 1.19125630e+002 1.22365160e+002 1.20269855e+002 1.20377510e+002 6.54975916e+001 1.09541252e+002 1.08288268e+002 1.20270307e+002
 3.12474603e-001 3.31129777e-001 3.38526508e-001 3.52998900e-001 3.42916059e-001 8.38060491e-001 3.29689457e-001 3.35075252e-001 3.35114645e-001 3.88533134e-001 3.64835142e-001 3.49113767e-001 3.35074768e-001
 8.89787505e+001 8.24662008e+001 8.03586406e+001 8.23610240e+001 8.59418985e+001 7.95532918e+001 8.28299315e+001 8.00351881e+001 8.00803142e+001 6.51320872e+001 5.48387658e+001 7.49006664e+001 8.00354123e+001
 5.18760148e+001 4.96279716e+001 4.96915536e+001 5.22252675e+001 3.37392570e+001 4.88392298e+001 2.46922040e+000 4.90219517e+001 4.90378579e+001 3.08343779e+001 5.47700951e+001 4.55089602e+001 4.90220262e+001
 2.60398338e+003 2.69931580e+003 2.65435862e+003 2.83234061e+003 2.84378036e+003 2.61676501e+003 2.67146174e+003 2.63513986e+003 2.63673621e+003 2.86624317e+003 2.48064484e+003 2.69727581e+003 2.63513940e+003
 2.56004107e+001 2.53113383e+001 2.51285337e+001 2.52361242e+001 2.54719080e+001 2.50825727e+001 6.66069319e+001 2.51128268e+001 2.51157419e+001 2.43570715e+001 2.39264553e+001 2.48693989e+001 2.51128388e+001
 4.99708348e+001 4.95603044e+001 4.96893597e+001 5.20417384e+001 4.97680780e+001 4.97063729e+001 1.24289262e+002 -8.47624899e+000 5.00672243e+001 4.93491979e+001 4.80662664e+001 4.94420696e+001 4.96988347e+001
 3.07899670e+003 3.18313827e+003 3.12693505e+003 3.34078210e+003 3.04582418e+003 3.08374268e+003 3.14901357e+003 3.10370694e+003 3.10578735e+003 3.34099326e+003 2.93920472e+003 3.16602192e+003 3.10370652e+003
 2.29043055e+001 2.28818599e+001 2.28658551e+001 2.37216589e+001 2.29359640e+001 2.28607851e+001 2.16137841e+001 4.92306065e+001 2.29867490e+001 2.27865037e+001 2.27029538e+001 2.28396533e+001 2.28642530e+001
 6.71161752e+001 6.60469989e+001 6.57568034e+001 6.28899784e+001 6.77715406e+001 6.56272020e+001 6.76849804e+001 6.57084295e+001 6.94135080e+001 6.30534408e+001 5.94509833e+001 6.47604478e+001 6.57171322e+001
 2.21488541e+002 2.28674078e+002 2.30624374e+002 2.49891242e+002 2.17084073e+002 2.31495378e+002 2.17177259e+002 2.30949478e+002 4.22577215e+002 2.48792672e+002 2.73003453e+002 2.37320511e+002 2.30890990e+002
 3.27254172e+002 3.35686456e+002 3.44495613e+002 3.48836483e+002 2.27239158e+002 3.41793842e+002 3.33875231e+002 3.42039180e+002 3.41989453e+002 3.66386116e+002 3.53011160e+002 3.48264863e+002 3.42038918e+002
 1.04752079e+002 9.64719241e+001 9.55145005e+001 1.00242585e+002 9.72997508e+001 9.38695078e+001 9.56617355e+001 9.45260459e+001 9.45786057e+001 5.11564091e+001 8.87398401e+001 9.05866356e+001 9.45264081e+001
 7.59241328e+001 7.62561045e+001 7.78884366e+001 7.97927310e+001 6.33017786e+001 7.73439864e+001 7.65037306e+001 7.73222327e+001 7.73149229e+001 6.39558109e+001 5.19416000e+001 7.59142693e+001 7.73222240e+001
 3.21876131e+001 3.21876131e+001 3.21876131e+001 3.21876131e+001 3.21876131e+001 3.21876131e+001 3.21876131e+001 3.21876131e+001 3.21876131e+001 3.21876131e+001 3.21876131e+001 3.21876131e+001 3.21876131e+001
 8.89327265e+000 8.89327265e+000 8.89327265e+000 8.89327265e+000 8.89327265e+000 8.89327265e+000 8.89327265e+000 8.89327265e+000 8.89327265e+000 8.89327265e+000 8.89327265e+000 8.89327265e+000 8.89327265e+000
 2.63832894e+001 2.63832894e+001 2.63832894e+001 2.63832894e+001 2.63832894e+001 2.63832894e+001 2.63832894e+001 2.63832894e+001 2.63832894e+001 2.63832894e+001 2.63832894e+001 2.63832894e+001 2.63832894e+001
 6.88201176e+000 6.88201176e+000 6.88201176e+000 6.88201176e+000 6.88201176e+000 6.88201176e+000 6.88201176e+000 6.88201176e+000 6.88201176e+000 6.88201176e+000 6.88201176e+000 6.88201176e+000 6.88201176e+000
 1.87763059e+001 1.87763059e+001 1.87763059e+001 1.87763059e+001 1.87763059e+001 1.87763059e+001 1.87763059e+001 1.87763059e+001 1.87763059e+001 1.87763059e+001 1.87763059e+001 1.87763059e+001 1.87763059e+001
 1.65672736e+000 1.65672736e+000 1.65672736e+000 1.65672736e+000 1.65672736e+000 1.65672736e+000 1.65672736e+000 1.65672736e+000 1.65672736e+000 1.65672736e+000 1.65672736e+000 1.65672736e+000 1.65672736e+000
 3.29575373e+001 3.29575373e+001 3.29575373e+001 3.29575373e+001 3.29575373e+001 3.29575373e+001 3.29575373e+001 3.29575373e+001 3.29575373e+001 3.29575373e+001 3.29575373e+001 3.29575373e+001 3.29575373e+001
 1.38229459e+001 1.38229459e+001 1.38229459e+001 1.38229459e+001 1.38229459e+001 1.38229459e+001 1.38229459e+001 1.38229459e+001 1.38229459e+001 1.38229459e+001 1.38229459e+001 1.38229459e+001 1.38229459e+001
 2.39781442e+001 2.39781442e+001 2.39781442e+001 2.39781442e+001 2.39781442e+001 2.39781442e+001 2.39781442e+001 2.39781442e+001 2.39781442e+001 2.39781442e+001 2.39781442e+001 2.39781442e+001 2.39781442e+001
 1.25654248e+000 1.25654248e+000 1.25654248e+000 1.25654248e+000 1.25654248e+000 1.25654248e+000 1.25654248e+000 1.25654248e+000 1.25654248e+000 1.25654248e+000 1.25654248e+000 1.25654248e+000 1.25654248e+000
 1.85792697e+001 1.85792697e+001 1.85792697e+001 1.85792697e+001 1.85792697e+001 1.85792697e+001 1.85792697e+001 1.85792697e+001 1.85792697e+001 1.85792697e+001 1.85792697e+001 1.85792697e+001 1.85792697e+001
 2.26334139e+000 2.26334139e+000 2.26334139e+000 2.26334139e+000 2.26334139e+000 2.26334139e+000 2.26334139e+000 2.26334139e+000 2.26334139e+000 2.26334139e+000 2.26334139e+000 2.26334139e+000 2.26334139e+000
 4.84364095e+000 4.84364095e+000 4.84364095e+000 4.84364095e+000 4.84364095e+000 4.84364095e+000 4.84364095e+000 4.84364095e+000 4.84364095e+000 4.84364095e+000 4.84364095e+000 4.84364095e+000 4.84364095e+000
 2.29857808e+000 2.29857808e+000 2.29857808e+000 2.29857808e+000 2.29857808e+000 2.29857808e+000 2.29857808e+000 2.29857808e+000 2.29857808e+000 2.29857808e+000 2.29857808e+000 2.29857808e+000 2.29857808e+000
 1.78655250e-002 1.78655250e-002 1.78655250e-002 1.78655250e-002 1.78655250e-002 1.78655250e-002 1.78655250e-002 1.78655250e-002 1.78655250e-002 1.78655250e-002 1.78655250e-002 1.78655250e-002 1.78655250e-002
 8.35702262e-001 8.35702262e-001 8.35702262e-001 8.35702262e-001 8.35702262e-001 8.35702262e-001 8.35702262e-001 8.35702262e-001 8.35702262e-001 8.35702262e-001 8.35702262e-001 8.35702262e-001 8.35702262e-001
 9.85769135e-002 9.85769135e-002 9.85769135e-002 9.85769135e-002 9.85769135e-002 9.85769135e-002 9.85769135e-002 9.85769135e-002 9.85769135e-002 9.85769135e-002 9.85769135e-002 9.85769135e-002 9.85769135e-002
 5.37239788e+001 5.37239788e+001 5.37239788e+001 5.37239788e+001 5.37239788e+001 5.37239788e+001 5.37239788e+001 5.37239788e+001 5.37239788e+001 5.37239788e+001 5.37239788e+001 5.37239788e+001 5.37239788e+001
 4.38280219e+001 4.38280219e+001 4.38280219e+001 4.38280219e+001 4.38280219e+001 4.38280219e+001 4.38280219e+001 4.38280219e+001 4.38280219e+001 4.38280219e+001 4.38280219e+001 4.38280219e+001 4.38280219e+001
