 2.80618172e-001 2.80618172e-001 1.13868760e+000 2.80618172e-001 2.80618172e-001 2.80618172e-001 2.80618172e-001 2.80618172e-001 2.80618172e-001 2.80618172e-001 2.80618172e-001 2.80618172e-001 2.80618172e-001
 1.87785316e+000 1.18404275e+000 1.18404275e+000 1.18404275e+000 1.18404275e+000 1.18404275e+000 1.18404275e+000 1.18404275e+000 1.18404275e+000 1.18404275e+000 1.18404275e+000 1.18404275e+000 1.18404275e+000
 8.78895439e-001 1.62818718e+000 8.78895439e-001 8.78895439e-001 8.78895439e-001 8.78895439e-001 8.78895439e-001 8.78895439e-001 8.78895439e-001 8.78895439e-001 8.78895439e-001 8.78895439e-001 8.78895439e-001
 1.11807427e+000 1.11807427e+000 1.11807427e+000 1.82387895e+000 1.11807427e+000 1.11807427e+000 1.11807427e+000 1.11807427e+000 1.11807427e+000 1.11807427e+000 1.11807427e+000 1.11807427e+000 1.11807427e+000
 4.38597359e-001 4.09297860e-001 8.77346608e-001 4.99943156e-001 9.17013293e-009 7.81762094e-001 5.87162514e-001 6.19717004e-001 7.86394840e-001 8.11122007e-001 9.09090917e-001 7.86402682e-001 7.84469214e-001
 7.05007236e-001 7.05007236e-001 7.05007236e-001 7.05007236e-001 7.05007236e-001 7.05007236e-001 7.05007236e-001 7.05007236e-001 1.48591501e+000 7.05007236e-001 7.05007236e-001 7.05007236e-001 7.05007236e-001
 5.63060410e-001 5.63060410e-001 5.63060410e-001 5.63060410e-001 5.63060410e-001 5.63060410e-001 5.63060410e-001 5.63060410e-001 5.63060410e-001 1.36977670e+000 5.63060410e-001 5.63060410e-001 5.63060410e-001
 1.93324468e-001 1.93324468e-001 1.93324468e-001 1.93324468e-001 1.93324468e-001 1.93324468e-001 1.93324468e-001 1.93324468e-001 1.93324468e-001 1.93324468e-001 1.06726547e+000 1.93324468e-001 1.93324468e-001
 7.69230769e-001 7.69230769e-001 7.69230769e-001 7.69230769e-001 7.69230769e-001 7.69230769e-001 7.69230769e-001 7.69230769e-001 7.69230769e-001 7.69230769e-001 7.69230769e-001 1.53846154e+000 7.69230769e-001
 0.00000000e+000 3.53169099e-001 9.02299625e-001 5.97389232e-001 4.35268020e-001 8.33751687e-001 7.83980079e-001 7.90785451e-001 8.31778114e-001 8.56004052e-001 9.09090909e-001 8.32902549e-001 8.31907049e-001
 2.81424949e+000 2.68945342e+000 2.66326768e+000 2.79220658e+000 2.32852715e+000 2.66304469e+000 2.43072928e+000 2.40180386e+000 2.66361861e+000 2.66714282e+000 2.66421447e+000 2.66361944e+000 2.66338241e+000
 1.36271315e+000 1.45832351e+000 1.01752164e+000 1.31506023e+000 1.74160862e+000 1.19209184e+000 1.29746910e+000 1.26582509e+000 1.19139314e+000 1.22671682e+000 1.09980367e+000 1.20557464e+000 1.19101920e+000
 1.33452868e+000 1.35842557e+000 7.96168706e-001 1.32628270e+000 1.30391050e+000 8.26332012e-001 1.19755012e+000 1.17647048e+000 8.28199174e-001 5.83310447e-001 5.49186812e-001 8.24827728e-001 8.44801685e-001
 3.76498075e-001 3.58553497e-001 5.29996180e-001 4.42957079e-001 4.08861862e-001 1.20245286e+000 4.11061824e-001 4.20559797e-001 4.82533179e-001 5.05063294e-001 5.49178208e-001 4.82297095e-001 4.81114453e-001
 1.09268426e+000 1.15468270e+000 7.79391461e-001 1.00226574e+000 9.32353523e-001 7.47623709e-001 9.73264677e-001 9.39882671e-001 7.53441613e-001 7.16925459e-001 3.00167747e-001 7.59400306e-001 7.57424719e-001
 8.44078647e-001 8.64395840e-001 9.39631103e-001 8.68149321e-001 3.73269041e-002 5.50492424e-001 3.82084647e-002 7.72744355e-001 6.15552664e-001 3.93221151e-001 6.86953728e-001 5.70229604e-001 6.01268860e-001
 2.47490679e+000 2.54771427e+000 2.85566961e+000 2.74441505e+000 2.39167554e+000 2.85373562e+000 2.59567542e+000 2.56076133e+000 2.85511740e+000 2.86591635e+000 2.85636071e+000 2.85564595e+000 2.85386152e+000
 4.90805244e-001 5.01117571e-001 4.65731124e-001 4.81822469e-001 4.76829097e-001 4.63934456e-001 1.26487500e+000 4.77687159e-001 4.64506469e-001 4.60293556e-001 4.34847218e-001 4.64760667e-001 4.64875941e-001
 3.13111623e-001 3.09253564e-001 3.84092849e-001 3.29487533e-001 3.17422466e-001 2.95196905e-001 7.68932917e-001 -1.71304212e-001 2.92795997e-001 3.05516813e-001 2.47996184e-001 2.99931717e-001 3.08218755e-001
 2.32357444e+000 2.39026909e+000 2.61390743e+000 2.56611656e+000 2.10031224e+000 2.61534097e+000 2.40892948e+000 2.37460434e+000 2.61592452e+000 2.62752819e+000 2.61450270e+000 2.61630017e+000 2.61476625e+000
 6.61788231e-001 6.65900028e-001 6.58443216e-001 6.91573726e-001 6.62197792e-001 6.55926059e-001 6.21229531e-001 1.41736962e+000 6.63827634e-001 6.56231445e-001 6.44207395e-001 6.56684228e-001 6.56708093e-001
 1.56072726e+000 1.62842248e+000 1.46974364e+000 1.44000152e+000 1.55502622e+000 1.37051022e+000 1.54320167e+000 1.49730878e+000 1.54602134e+000 1.40341923e+000 8.79183030e-001 1.39826283e+000 1.39074835e+000
 6.44938376e-001 5.84237327e-001 7.26521919e-001 7.53191098e-001 6.50050496e-001 8.15502818e-001 6.60653167e-001 7.01804661e-001 1.38710327e+000 7.85993772e-001 1.25606747e+000 7.90617511e-001 7.97355635e-001
 1.91702405e+000 1.82800269e+000 2.40472947e+000 2.11614003e+000 1.89420594e+000 2.16846249e+000 2.03513631e+000 2.08203822e+000 2.17559961e+000 2.25198702e+000 2.19213772e+000 2.17759710e+000 2.17186019e+000
 1.40983925e+000 1.41399286e+000 9.00401984e-001 1.36116646e+000 1.34068578e+000 9.28057718e-001 1.23419334e+000 1.21888655e+000 9.28894875e-001 6.17102384e-001 6.57705144e-001 9.53086073e-001 9.44828892e-001
 1.51340112e+000 1.46810565e+000 1.41481558e+000 1.62859431e+000 1.34018518e+000 1.41010297e+000 1.53042863e+000 1.54604040e+000 1.40574919e+000 1.18773213e+000 8.79393048e-001 1.41011742e+000 1.42098130e+000
 1.85196281e+000 1.76478408e+000 2.35300516e+000 2.03878141e+000 1.91076139e+000 1.95178195e+000 1.87810799e+000 1.95903687e+000 2.00194000e+000 1.98912974e+000 2.13185882e+000 1.99037800e+000 1.96848275e+000
 2.90583895e+000 2.82625743e+000 2.82785406e+000 2.58284185e+000 2.50053171e+000 2.71360981e+000 2.83019301e+000 2.95498049e+000 2.78369412e+000 2.80510159e+000 2.64903162e+000 2.79613640e+000 2.75091114e+000
 2.29225545e+000 2.18762367e+000 2.22737433e+000 2.69896482e+000 2.41603161e+000 2.55930094e+000 2.34015491e+000 2.41335220e+000 2.49018763e+000 2.53462412e+000 2.68958539e+000 2.46494240e+000 2.44945657e+000
 1.39166944e+000 9.51776798e-001 1.20844097e+000 8.70115090e-001 1.41029072e+000 1.29221392e+000 9.79479894e-001 1.00528395e+000 1.29627015e+000 1.38258836e+000 1.62100326e+000 1.26820497e+000 1.30038798e+000
 1.27992779e+000 1.66948512e+000 9.57850684e-001 1.11449230e+000 1.22606815e+000 1.22540228e+000 1.38512160e+000 1.29202249e+000 1.18002324e+000 1.08057277e+000 9.29370698e-001 1.16471842e+000 1.16146392e+000
 1.02591041e+000 1.08976461e+000 9.77908207e-001 9.33736112e-001 1.37864239e+000 8.22671278e-001 1.13561325e+000 9.99703211e-001 8.65537092e-001 7.41972054e-001 5.73896250e-001 8.21861738e-001 8.84805598e-001
 1.54435544e+000 1.40355158e+000 2.05745129e+000 1.72868220e+000 1.66857768e+000 1.69736649e+000 1.62206985e+000 1.68317312e+000 1.72612043e+000 1.78406579e+000 1.87552281e+000 1.71925345e+000 1.72965639e+000
 1.35435424e+000 1.36322336e+000 9.67194775e-001 1.23808847e+000 1.60839430e+000 9.46131349e-001 1.18289161e+000 1.22045431e+000 9.74285909e-001 9.54786830e-001 8.54704147e-001 9.85924906e-001 9.86969253e-001
 1.15794585e+000 1.03544053e+000 1.30823839e+000 1.43826772e+000 1.23970336e+000 1.54383337e+000 1.30976169e+000 1.36700983e+000 1.52644824e+000 1.62354022e+000 1.75626953e+000 1.53801197e+000 1.54251847e+000
 6.11259697e-002 6.06228323e-002 6.67344198e-001 1.13186030e-002 1.60934564e-002 6.97686302e-001 9.42489391e-002 1.00827148e-001 6.92858564e-001 7.78505818e-001 9.18351584e-001 6.69096784e-001 6.60462969e-001
 1.14169060e+000 1.39436727e+000 6.79935514e-001 9.40547375e-001 9.30828568e-001 9.25515725e-001 1.23674642e+000 1.12103117e+000 8.73144866e-001 7.31689830e-001 5.93115547e-001 8.98730882e-001 9.02202749e-001
 8.52133380e-001 9.69243521e-001 4.35214107e-001 7.13051016e-001 1.08588779e+000 3.68158149e-001 6.82053412e-001 6.05280902e-001 4.06726459e-001 2.93789127e-001 2.16085078e-001 3.74499457e-001 4.01436763e-001
 9.03523513e-001 9.63931080e-001 3.42978531e-001 6.63784501e-001 6.35728764e-001 3.18660858e-001 6.27955508e-001 6.08052537e-001 3.15177278e-001 2.88803525e-001 6.70268761e-002 3.27946970e-001 3.20710732e-001
 7.98407940e-001 9.34546958e-001 3.05314356e-001 5.85166984e-001 5.76093574e-001 2.57210384e-001 5.64145961e-001 5.10208982e-001 2.72884889e-001 2.52746676e-001 3.11129481e-002 2.83424641e-001 2.78925542e-001
 7.90709426e-002 1.81355419e-002 1.13974891e-001 3.88468780e-002 3.95740412e-002 1.56316094e-001 1.37040274e-002 4.80735162e-002 1.89788993e-001 1.74463037e-001 9.20303295e-001 1.20046103e-001 1.14170444e-001
 5.24242680e-001 5.26683770e-001 3.47212636e-001 4.43447735e-001 4.40405882e-001 6.19337129e-001 9.78993923e-001 5.37702260e-001 4.71708833e-001 5.49848988e-001 1.19317397e+000 5.71647870e-001 5.66083632e-001
 6.64568713e-001 8.01872830e-001 5.49659755e-001 6.88133213e-001 1.12839902e+000 7.25417596e-001 1.29627951e+000 7.55999857e-001 6.20634490e-001 8.09638340e-001 1.35881253e+000 6.97406302e-001 6.19299162e-001
 4.09849584e+000 4.11792567e+000 3.92190915e+000 3.99007704e+000 4.06215386e+000 4.07536118e+000 4.10269927e+000 4.10424884e+000 4.01530121e+000 4.00742016e+000 4.08650863e+000 4.07879440e+000 4.07266574e+000
 3.32164854e+000 3.38981064e+000 3.50221396e+000 3.25557149e+000 3.28711960e+000 3.28358600e+000 3.27592819e+000 3.32595922e+000 3.38796122e+000 3.35964029e+000 3.16937262e+000 3.36741900e+000 3.40062133e+000