 5.00000000e+000 5.00000000e+000 5.00000000e+000 5.00000000e+000 5.00000000e+000 5.00000000e+000 5.00000000e+000 5.00000000e+000 5.00000000e+000 5.00000000e+000 5.00000000e+000 5.00000000e+000 5.00000000e+000
 5.00000000e+000 5.00000000e+000 5.00000000e+000 5.00000000e+000 5.00000000e+000 5.00000000e+000 5.00000000e+000 5.00000000e+000 5.00000000e+000 5.00000000e+000 5.00000000e+000 5.00000000e+000 5.00000000e+000
 5.00000000e+000 5.00000000e+000 5.00000000e+000 5.00000000e+000 5.00000000e+000 5.00000000e+000 5.00000000e+000 5.00000000e+000 5.00000000e+000 5.00000000e+000 5.00000000e+000 5.00000000e+000 5.00000000e+000
 5.00000000e+000 5.00000000e+000 5.00000000e+000 5.00000000e+000 5.00000000e+000 5.00000000e+000 5.00000000e+000 5.00000000e+000 5.00000000e+000 5.00000000e+000 5.00000000e+000 5.00000000e+000 5.00000000e+000
 5.00000000e+000 5.00000000e+000 5.00000000e+000 5.00000000e+000 5.00000000e+000 5.00000000e+000 5.00000000e+000 5.00000000e+000 5.00000000e+000 5.00000000e+000 5.00000000e+000 5.00000000e+000 5.00000000e+000
 5.00000000e+000 5.00000000e+000 5.00000000e+000 5.00000000e+000 5.00000000e+000 5.00000000e+000 5.00000000e+000 5.00000000e+000 5.00000000e+000 5.00000000e+000 5.00000000e+000 5.00000000e+000 5.00000000e+000
 5.00000000e+000 5.00000000e+000 5.00000000e+000 5.00000000e+000 5.00000000e+000 5.00000000e+000 5.00000000e+000 5.00000000e+000 5.00000000e+000 5.00000000e+000 5.00000000e+000 5.00000000e+000 5.00000000e+000
 5.00000000e+000 5.00000000e+000 5.00000000e+000 5.00000000e+000 5.00000000e+000 5.00000000e+000 5.00000000e+000 5.00000000e+000 5.00000000e+000 5.00000000e+000 5.00000000e+000 5.00000000e+000 5.00000000e+000
 5.00000000e+000 5.00000000e+000 5.00000000e+000 5.00000000e+000 5.00000000e+000 5.00000000e+000 5.00000000e+000 5.00000000e+000 5.00000000e+000 5.00000000e+000 5.00000000e+000 5.00000000e+000 5.00000000e+000
 5.00000000e+000 5.00000000e+000 5.00000000e+000 5.00000000e+000 5.00000000e+000 5.00000000e+000 5.00000000e+000 5.00000000e+000 5.00000000e+000 5.00000000e+000 5.00000000e+000 5.00000000e+000 5.00000000e+000
 5.00000000e+000 5.00000000e+000 5.00000000e+000 5.00000000e+000 5.00000000e+000 5.00000000e+000 5.00000000e+000 5.00000000e+000 5.00000000e+000 5.00000000e+000 5.00000000e+000 5.00000000e+000 5.00000000e+000
 5.00000000e+000 5.00000000e+000 5.00000000e+000 5.00000000e+000 5.00000000e+000 5.00000000e+000 5.00000000e+000 5.00000000e+000 5.00000000e+000 5.00000000e+000 5.00000000e+000 5.00000000e+000 5.00000000e+000
 5.00000000e+000 5.00000000e+000 5.00000000e+000 5.00000000e+000 5.00000000e+000 5.00000000e+000 5.00000000e+000 5.00000000e+000 5.00000000e+000 5.00000000e+000 5.00000000e+000 5.00000000e+000 5.00000000e+000
 5.00000000e+000 5.00000000e+000 5.00000000e+000 5.00000000e+000 5.00000000e+000 5.00000000e+000 5.00000000e+000 5.00000000e+000 5.00000000e+000 5.00000000e+000 5.00000000e+000 5.00000000e+000 5.00000000e+000
 5.00000000e+000 5.00000000e+000 5.00000000e+000 5.00000000e+000 5.00000000e+000 5.00000000e+000 5.00000000e+000 5.00000000e+000 5.00000000e+000 5.00000000e+000 5.00000000e+000 5.00000000e+000 5.00000000e+000
 5.00000000e+000 5.00000000e+000 5.00000000e+000 5.00000000e+000 5.00000000e+000 5.00000000e+000 5.00000000e+000 5.00000000e+000 5.00000000e+000 5.00000000e+000 5.00000000e+000 5.00000000e+000 5.00000000e+000
 5.00000000e+000 5.00000000e+000 5.00000000e+000 5.00000000e+000 5.00000000e+000 5.00000000e+000 5.00000000e+000 5.00000000e+000 5.00000000e+000 5.00000000e+000 5.00000000e+000 5.00000000e+000 5.00000000e+000
 5.00000000e+000 5.00000000e+000 5.00000000e+000 5.00000000e+000 5.00000000e+000 5.00000000e+000 5.00000000e+000 5.00000000e+000 5.00000000e+000 5.00000000e+000 5.00000000e+000 5.00000000e+000 5.00000000e+000
 5.00000000e+000 5.00000000e+000 5.00000000e+000 5.00000000e+000 5.00000000e+000 5.00000000e+000 5.00000000e+000 5.00000000e+000 5.00000000e+000 5.00000000e+000 5.00000000e+000 5.00000000e+000 5.00000000e+000
 5.00000000e+000 5.00000000e+000 5.00000000e+000 5.00000000e+000 5.00000000e+000 5.00000000e+000 5.00000000e+000 5.00000000e+000 5.00000000e+000 5.00000000e+000 5.00000000e+000 5.00000000e+000 5.00000000e+000
 5.00000000e+000 5.00000000e+000 5.00000000e+000 5.00000000e+000 5.00000000e+000 5.00000000e+000 5.00000000e+000 5.00000000e+000 5.00000000e+000 5.00000000e+000 5.00000000e+000 5.00000000e+000 5.00000000e+000
 5.00000000e+000 5.00000000e+000 5.00000000e+000 5.00000000e+000 5.00000000e+000 5.00000000e+000 5.00000000e+000 5.00000000e+000 5.00000000e+000 5.00000000e+000 5.00000000e+000 5.00000000e+000 5.00000000e+000
 5.00000000e+000 5.00000000e+000 5.00000000e+000 5.00000000e+000 5.00000000e+000 5.00000000e+000 5.00000000e+000 5.00000000e+000 5.00000000e+000 5.00000000e+000 5.00000000e+000 5.00000000e+000 5.00000000e+000
 5.00000000e+000 5.00000000e+000 5.00000000e+000 5.00000000e+000 5.00000000e+000 5.00000000e+000 5.00000000e+000 5.00000000e+000 5.00000000e+000 5.00000000e+000 5.00000000e+000 5.00000000e+000 5.00000000e+000
 5.00000000e+000 5.00000000e+000 5.00000000e+000 5.00000000e+000 5.00000000e+000 5.00000000e+000 5.00000000e+000 5.00000000e+000 5.00000000e+000 5.00000000e+000 5.00000000e+000 5.00000000e+000 5.00000000e+000
 5.00000000e+000 5.00000000e+000 5.00000000e+000 5.00000000e+000 5.00000000e+000 5.00000000e+000 5.00000000e+000 5.00000000e+000 5.00000000e+000 5.00000000e+000 5.00000000e+000 5.00000000e+000 5.00000000e+000
 5.00000000e+000 5.00000000e+000 5.00000000e+000 5.00000000e+000 5.00000000e+000 5.00000000e+000 5.00000000e+000 5.00000000e+000 5.00000000e+000 5.00000000e+000 5.00000000e+000 5.00000000e+000 5.00000000e+000
 5.00000000e+000 5.00000000e+000 5.00000000e+000 5.00000000e+000 5.00000000e+000 5.00000000e+000 5.00000000e+000 5.00000000e+000 5.00000000e+000 5.00000000e+000 5.00000000e+000 5.00000000e+000 5.00000000e+000
 5.00000000e+000 5.00000000e+000 5.00000000e+000 5.00000000e+000 5.00000000e+000 5.00000000e+000 5.00000000e+000 5.00000000e+000 5.00000000e+000 5.00000000e+000 5.00000000e+000 5.00000000e+000 5.00000000e+000
 5.00000000e+000 5.00000000e+000 5.00000000e+000 5.00000000e+000 5.00000000e+000 5.00000000e+000 5.00000000e+000 5.00000000e+000 5.00000000e+000 5.00000000e+000 5.00000000e+000 5.00000000e+000 5.00000000e+000
 5.00000000e+000 5.00000000e+000 5.00000000e+000 5.00000000e+000 5.00000000e+000 5.00000000e+000 5.00000000e+000 5.00000000e+000 5.00000000e+000 5.00000000e+000 5.00000000e+000 5.00000000e+000 5.00000000e+000
 5.00000000e+000 5.00000000e+000 5.00000000e+000 5.00000000e+000 5.00000000e+000 5.00000000e+000 5.00000000e+000 5.00000000e+000 5.00000000e+000 5.00000000e+000 5.00000000e+000 5.00000000e+000 5.00000000e+000
 5.00000000e+000 5.00000000e+000 5.00000000e+000 5.00000000e+000 5.00000000e+000 5.00000000e+000 5.00000000e+000 5.00000000e+000 5.00000000e+000 5.00000000e+000 5.00000000e+000 5.00000000e+000 5.00000000e+000
 5.00000000e+000 5.00000000e+000 5.00000000e+000 5.00000000e+000 5.00000000e+000 5.00000000e+000 5.00000000e+000 5.00000000e+000 5.00000000e+000 5.00000000e+000 5.00000000e+000 5.00000000e+000 5.00000000e+000
 5.00000000e+000 5.00000000e+000 5.00000000e+000 5.00000000e+000 5.00000000e+000 5.00000000e+000 5.00000000e+000 5.00000000e+000 5.00000000e+000 5.00000000e+000 5.00000000e+000 5.00000000e+000 5.00000000e+000
 5.00000000e+000 5.00000000e+000 5.00000000e+000 5.00000000e+000 5.00000000e+000 5.00000000e+000 5.00000000e+000 5.00000000e+000 5.00000000e+000 5.00000000e+000 5.00000000e+000 5.00000000e+000 5.00000000e+000
 5.00000000e+000 5.00000000e+000 5.00000000e+000 5.00000000e+000 5.00000000e+000 5.00000000e+000 5.00000000e+000 5.00000000e+000 5.00000000e+000 5.00000000e+000 5.00000000e+000 5.00000000e+000 5.00000000e+000
 5.00000000e+000 5.00000000e+000 5.00000000e+000 5.00000000e+000 5.00000000e+000 5.00000000e+000 5.00000000e+000 5.00000000e+000 5.00000000e+000 5.00000000e+000 5.00000000e+000 5.00000000e+000 5.00000000e+000
 5.00000000e+000 5.00000000e+000 5.00000000e+000 5.00000000e+000 5.00000000e+000 5.00000000e+000 5.00000000e+000 5.00000000e+000 5.00000000e+000 5.00000000e+000 5.00000000e+000 5.00000000e+000 5.00000000e+000
 5.00000000e+000 5.00000000e+000 5.00000000e+000 5.00000000e+000 5.00000000e+000 5.00000000e+000 5.00000000e+000 5.00000000e+000 5.00000000e+000 5.00000000e+000 5.00000000e+000 5.00000000e+000 5.00000000e+000
 5.00000000e+000 5.00000000e+000 5.00000000e+000 5.00000000e+000 5.00000000e+000 5.00000000e+000 5.00000000e+000 5.00000000e+000 5.00000000e+000 5.00000000e+000 5.00000000e+000 5.00000000e+000 5.00000000e+000
 5.00000000e+000 5.00000000e+000 5.00000000e+000 5.00000000e+000 5.00000000e+000 5.00000000e+000 5.00000000e+000 5.00000000e+000 5.00000000e+000 5.00000000e+000 5.00000000e+000 5.00000000e+000 5.00000000e+000
 5.00000000e+000 5.00000000e+000 5.00000000e+000 5.00000000e+000 5.00000000e+000 5.00000000e+000 5.00000000e+000 5.00000000e+000 5.00000000e+000 5.00000000e+000 5.00000000e+000 5.00000000e+000 5.00000000e+000
 5.00000000e+000 5.00000000e+000 5.00000000e+000 5.00000000e+000 5.00000000e+000 5.00000000e+000 5.00000000e+000 5.00000000e+000 5.00000000e+000 5.00000000e+000 5.00000000e+000 5.00000000e+000 5.00000000e+000
 5.00000000e+000 5.00000000e+000 5.00000000e+000 5.00000000e+000 5.00000000e+000 5.00000000e+000 5.00000000e+000 5.00000000e+000 5.00000000e+000 5.00000000e+000 5.00000000e+000 5.00000000e+000 5.00000000e+000
