 2.53910021e+000 2.53000292e+000 2.54787985e+000 2.53947204e+000 2.46932625e+000 2.45114787e+000 2.53883113e+000 2.52916158e+000 2.53952358e+000 2.54272874e+000 2.53048743e+000 2.54715179e+000 2.91457553e+000 2.54813805e+000 2.51359114e+000 2.54149055e+000 2.53420397e+000
 1.28122897e+000 1.26768028e+000 1.29930594e+000 1.27906788e+000 1.21978565e+000 1.35624853e+000 1.27849613e+000 1.25797086e+000 1.28369237e+000 1.28851721e+000 1.27360849e+000 1.30030579e+000 1.90709735e+000 1.29338815e+000 1.23137520e+000 1.29616960e+000 1.27972411e+000
 4.68809918e-001 5.39096298e-001 2.65930714e-001 4.82322319e-001 9.09329254e-001 2.42593573e-001 3.09499679e-001 6.03062512e-001 4.97877478e-001 3.66305673e-001 5.65930129e-001 3.73205106e-001 2.91310404e-004 4.07890679e-001 6.39974318e-001 4.30247475e-001 5.18704387e-001
 2.56068424e+000 2.52624276e+000 2.64179109e+000 2.51510042e+000 2.49088419e+000 2.52301285e+000 2.65583293e+000 2.54889161e+000 2.48187929e+000 2.60924066e+000 2.44275031e+000 2.47551889e+000 2.23900433e+000 2.49885658e+000 2.74100354e+000 2.43338000e+000 2.50537167e+000
 5.89565670e-001 4.67920081e-001 8.75800405e-001 4.74570114e-001 1.40144514e-001 8.21247202e-001 8.86355577e-001 4.60364830e-001 4.04433475e-001 8.09663357e-001 2.59476444e-001 5.06669718e-001 -1.23991920e-003 5.24423318e-001 9.08076430e-001 3.69303084e-001 4.39016797e-001
 8.33803275e-001 8.16729575e-001 7.22485658e-001 8.38149205e-001 9.11073259e-001 7.23928958e-001 7.69917457e-001 8.67713939e-001 8.40284013e-001 7.82020889e-001 8.63579923e-001 8.03548907e-001 2.42287214e-003 8.08963247e-001 8.02971483e-001 8.16405861e-001 8.49137669e-001
 2.79443843e+000 2.82863760e+000 2.66933263e+000 2.77754430e+000 3.08749731e+000 2.77535770e+000 2.69522117e+000 2.85185060e+000 2.86790186e+000 2.70287730e+000 2.92520864e+000 2.82658450e+000 2.68888843e+000 2.80315690e+000 2.66249671e+000 2.94648000e+000 2.87807754e+000
 3.99193499e+000 3.96886544e+000 3.94490051e+000 4.01488635e+000 4.09440266e+000 4.00530458e+000 3.96043756e+000 4.02484250e+000 4.00299411e+000 4.02822713e+000 4.03308224e+000 4.02394631e+000 3.89315881e+000 4.03760284e+000 3.96617398e+000 4.03760620e+000 4.03837958e+000
 4.90586423e-001 6.64054088e-001 5.52322254e-001 5.91030181e-001 9.09053033e-001 6.21787253e-001 8.57192348e-001 5.83283963e-001 5.56628652e-001 5.73389723e-001 5.75571742e-001 5.50401654e-001 -4.62933453e-005 5.61639575e-001 8.04220169e-001 5.82006571e-001 5.57118481e-001
 8.76400862e-001 8.64151278e-001 8.92254453e-001 8.61257342e-001 8.33792300e-001 8.47984071e-001 8.91046976e-001 8.72832816e-001 8.49369437e-001 8.89459411e-001 8.29386453e-001 8.47156054e-001 -1.39644248e-004 8.56961245e-001 9.08976655e-001 8.27977883e-001 8.58615552e-001
 9.10160115e-001 9.25985901e-001 9.68202182e-001 9.55454180e-001 1.03147493e+000 1.07537303e+000 9.59169460e-001 9.16652992e-001 9.73338506e-001 9.24125424e-001 1.00332189e+000 1.00294941e+000 1.62842561e+000 9.75617014e-001 8.79186856e-001 1.02784213e+000 9.54973912e-001
 5.00000000e+000 5.00000000e+000 5.00000000e+000 5.00000000e+000 5.00000000e+000 5.00000000e+000 5.00000000e+000 5.00000000e+000 5.00000000e+000 5.00000000e+000 5.00000000e+000 5.00000000e+000 5.00000000e+000 5.00000000e+000 5.00000000e+000 5.00000000e+000 5.00000000e+000
 4.88058861e+000 4.86774667e+000 4.86471669e+000 4.88050657e+000 4.86698836e+000 4.86989734e+000 4.87092101e+000 4.87622376e+000 4.87869592e+000 4.87297259e+000 4.87150165e+000 4.86789279e+000 4.85405274e+000 4.86500651e+000 4.87543451e+000 4.86740349e+000 4.86930669e+000
 4.68667515e+000 4.68587673e+000 4.67686151e+000 4.67414234e+000 4.72153844e+000 4.66451311e+000 4.69095122e+000 4.69471031e+000 4.67500850e+000 4.68900489e+000 4.67040175e+000 4.66200790e+000 4.68303889e+000 4.67594271e+000 4.71954802e+000 4.65965810e+000 4.67891503e+000
 2.63949732e+000 2.59312178e+000 2.87317202e+000 2.61373797e+000 2.44914860e+000 2.86241142e+000 2.84171231e+000 2.55556623e+000 2.60932759e+000 2.74307472e+000 2.57746268e+000 2.68718759e+000 2.91293976e+000 2.67015603e+000 2.68679994e+000 2.65044878e+000 2.59882517e+000
 2.02146824e+000 2.00020107e+000 2.04948407e+000 2.06355492e+000 1.71533295e+000 2.22636440e+000 1.98697455e+000 1.91882744e+000 2.09262880e+000 2.03560675e+000 2.08133228e+000 2.19737720e+000 2.08183519e+000 2.14651773e+000 1.61000093e+000 2.19407750e+000 2.05130940e+000
 4.97576839e+000 4.97614884e+000 4.97506004e+000 4.97574221e+000 4.97920792e+000 4.97458745e+000 4.97525853e+000 4.97656174e+000 4.97569858e+000 4.97535241e+000 4.97583670e+000 4.97489526e+000 4.97534175e+000 4.97520582e+000 4.97582612e+000 4.97487484e+000 4.97576823e+000
 2.38692482e+000 2.23420605e+000 2.47640564e+000 2.30225398e+000 2.24378054e+000 2.28787692e+000 2.52512600e+000 2.37811377e+000 2.24249408e+000 2.45212835e+000 2.17830497e+000 2.23228795e+000 2.45929121e+000 2.26355524e+000 2.66612135e+000 2.14748165e+000 2.29689014e+000
 2.96119814e+000 3.00152151e+000 2.73679699e+000 2.98335306e+000 3.11653319e+000 2.69798501e+000 2.76992338e+000 3.03762063e+000 2.98651479e+000 2.86550100e+000 3.01914684e+000 2.90589456e+000 2.70395641e+000 2.92546088e+000 2.93006592e+000 2.94408684e+000 2.99693861e+000
 3.88725309e+000 3.89949350e+000 3.84247576e+000 3.88120641e+000 3.99214343e+000 3.88042379e+000 3.85174168e+000 3.90780179e+000 3.91354679e+000 3.85448193e+000 4.05093289e+000 3.89875866e+000 3.84947509e+000 3.89037356e+000 3.84002909e+000 3.94167113e+000 3.91718883e+000
 2.54005015e+000 2.49054238e+000 2.78176018e+000 2.51055559e+000 2.33777799e+000 2.76497521e+000 2.74817338e+000 2.45381942e+000 2.50367912e+000 2.64852203e+000 2.46699621e+000 2.58312094e+000 2.82181836e+000 2.56729869e+000 2.59697049e+000 2.54194815e+000 2.49492954e+000
 2.35073652e+000 2.42957553e+000 2.19816954e+000 2.41328184e+000 2.62804334e+000 2.30047889e+000 2.22704568e+000 2.40160736e+000 2.45692499e+000 2.25772774e+000 2.51995896e+000 2.40486040e+000 2.10094186e+000 2.38883677e+000 2.27832806e+000 2.43018627e+000 2.42579341e+000
 3.95039736e+000 3.94124748e+000 3.93174247e+000 3.95950037e+000 3.99103826e+000 3.95570003e+000 3.93790479e+000 3.96344919e+000 3.95478365e+000 3.76682454e+000 3.96671725e+000 3.96309375e+000 3.91122059e+000 3.96851022e+000 3.94017999e+000 3.96851155e+000 3.96881829e+000
 3.19334103e+000 3.16468899e+000 3.38027211e+000 3.18698177e+000 3.06801864e+000 3.40060949e+000 3.36185225e+000 3.12291502e+000 3.19695403e+000 3.26811559e+000 3.19188384e+000 3.26504580e+000 3.41928798e+000 3.24178553e+000 3.18514614e+000 3.25279004e+000 3.17722126e+000
 4.28965099e+000 4.30637002e+000 4.21849107e+000 4.25894765e+000 4.35700966e+000 4.21412291e+000 4.23375391e+000 4.29221923e+000 4.26925354e+000 4.25025070e+000 4.28276733e+000 4.25068332e+000 4.23766708e+000 4.25837557e+000 4.28021036e+000 4.25806371e+000 4.26867553e+000
 3.16677904e+000 3.28229913e+000 3.07761703e+000 3.22957077e+000 3.41326006e+000 3.06065118e+000 3.27394806e+000 3.26745375e+000 3.19783618e+000 3.17018645e+000 3.20675392e+000 3.13938121e+000 3.07260724e+000 3.16865049e+000 3.35288498e+000 3.16408502e+000 3.21402408e+000
 1.11305903e+000 1.40230203e+000 1.31773263e+000 1.29375969e+000 1.75952994e+000 1.49530576e+000 1.81977557e+000 1.24265062e+000 1.23949126e+000 1.29628789e+000 1.27262050e+000 1.26716643e+000 1.38273873e+000 1.26974726e+000 1.62458249e+000 1.32170001e+000 1.22772254e+000
 1.90923882e+000 1.81968112e+000 2.04585644e+000 1.81540674e+000 1.46455289e+000 1.95197018e+000 2.02331694e+000 1.82548200e+000 1.74473192e+000 2.01940989e+000 1.59139456e+000 1.80792875e+000 2.03782287e+000 1.83439133e+000 2.10736145e+000 1.68491530e+000 1.78632488e+000
 4.59055957e+000 4.60273418e+000 4.57299527e+000 4.60533165e+000 4.63709651e+000 4.61788411e+000 4.57500989e+000 4.59447461e+000 4.61758513e+000 4.57700893e+000 4.63801260e+000 4.61877934e+000 4.57392218e+000 4.60909041e+000 4.55819472e+000 4.63852295e+000 4.60807903e+000
 3.92553516e+000 3.90821667e+000 3.88015896e+000 3.90097350e+000 3.84251633e+000 3.78033375e+000 3.89074413e+000 3.93911452e+000 3.87409300e+000 3.92058727e+000 3.84263718e+000 3.84480012e+000 3.85800734e+000 3.86915756e+000 4.00209125e+000 3.82017390e+000 3.89706146e+000
 1.98287805e+000 1.92720333e+000 2.17921588e+000 1.89755385e+000 1.88215112e+000 1.99048854e+000 2.10442494e+000 1.96243516e+000 1.83107177e+000 2.10679804e+000 1.73505401e+000 1.83344497e+000 2.17045363e+000 1.87135972e+000 2.32868056e+000 1.73968062e+000 1.87861800e+000
 2.75293599e+000 2.95998751e+000 2.56258774e+000 2.79275362e+000 2.97071889e+000 2.62139760e+000 2.60582169e+000 2.84568730e+000 2.80864830e+000 2.66855348e+000 2.86200419e+000 2.75558801e+000 2.51976753e+000 2.75582930e+000 2.80125681e+000 2.80114167e+000 2.81087775e+000
 1.47139561e+000 1.37659329e+000 1.64242097e+000 1.45917885e+000 9.83732608e-001 1.71396304e+000 1.66447536e+000 1.33783685e+000 1.45899833e+000 1.54706616e+000 1.40734632e+000 1.57766581e+000 1.68841435e+000 1.54591493e+000 1.29888696e+000 1.52703767e+000 1.43819107e+000
 3.31777634e+000 3.35747486e+000 3.17228977e+000 3.37302852e+000 3.47438810e+000 3.14271851e+000 3.20015331e+000 3.35807059e+000 3.40407587e+000 3.24091143e+000 3.48040606e+000 3.39944165e+000 3.18206323e+000 3.35637689e+000 3.17464995e+000 3.43924305e+000 3.37263630e+000
 1.04171689e+000 1.13711587e+000 7.88876711e-001 1.12044878e+000 1.53626030e+000 9.15745529e-001 8.19930454e-001 1.13725366e+000 1.17225551e+000 8.96763272e-001 1.30685883e+000 1.10016434e+000 7.66540363e-001 1.08404524e+000 8.79426912e-001 1.21183271e+000 1.15038727e+000
 1.75553469e+000 1.88806224e+000 1.59701109e+000 1.75156162e+000 2.16679894e+000 1.53719870e+000 1.61945604e+000 1.87464758e+000 1.73193501e+000 1.70602286e+000 1.75833142e+000 1.66408763e+000 1.56217347e+000 1.69094291e+000 1.98657622e+000 1.67872774e+000 1.77630318e+000
 1.56457390e+000 1.49447030e+000 1.78614182e+000 1.46314869e+000 1.44944044e+000 1.56696851e+000 1.69652453e+000 1.53702332e+000 1.38368974e+000 1.70352330e+000 1.27544520e+000 1.39604772e+000 1.77942046e+000 1.43893769e+000 1.95263698e+000 1.28742800e+000 1.43742100e+000
 2.70140064e+000 2.87975792e+000 2.49326136e+000 2.72422018e+000 2.91844948e+000 2.54403870e+000 2.54517443e+000 2.78710580e+000 2.73472964e+000 2.60611519e+000 2.78875724e+000 2.67837439e+000 2.45588270e+000 2.68280556e+000 2.75442745e+000 2.72254778e+000 2.74310950e+000
 9.90914031e-001 8.93739970e-001 1.17663996e+000 9.83950717e-001 4.42212352e-001 1.27090102e+000 1.19798501e+000 8.47695035e-001 9.97007761e-001 1.06722638e+000 9.33239505e-001 1.11765849e+000 1.23046455e+000 1.08288060e+000 7.78360411e-001 1.07389638e+000 9.56751029e-001
 8.52222964e-001 9.71573696e-001 5.57631722e-001 9.24607127e-001 1.34881748e+000 6.28798407e-001 5.40607739e-001 9.46215107e-001 1.00771101e+000 6.37977886e-001 1.18563755e+000 9.32257377e-001 5.37443581e-001 9.17255659e-001 6.29440224e-001 1.08754291e+000 9.80063037e-001
 7.64939526e-001 8.67059552e-001 4.96727287e-001 8.49874753e-001 1.29650647e+000 6.01001405e-001 5.27224652e-001 8.80374319e-001 9.05253844e-001 6.09137021e-001 1.04039050e+000 8.15670030e-001 4.73507906e-001 7.98611145e-001 6.06823771e-001 9.33908940e-001 8.80672002e-001
 1.59987024e+000 1.71771826e+000 1.43072066e+000 1.60662727e+000 2.01039358e+000 1.34603660e+000 1.45089542e+000 1.72001101e+000 1.58333839e+000 1.54293276e+000 1.59613462e+000 1.48048796e+000 1.38957288e+000 1.51469511e+000 1.82174117e+000 1.50626310e+000 1.61656659e+000
 1.73007663e+000 1.78993157e+000 1.38871703e+000 1.75415228e+000 1.93441877e+000 1.25317850e+000 1.44653146e+000 1.87422423e+000 1.74560805e+000 1.58872687e+000 1.78102181e+000 1.60264628e+000 1.32464243e+000 1.64154472e+000 1.73205446e+000 1.64640721e+000 1.77987704e+000
 1.74705576e+000 1.80126161e+000 1.39340733e+000 1.75856016e+000 1.99129130e+000 1.32727358e+000 1.43132650e+000 1.89496101e+000 1.73038167e+000 1.60204612e+000 1.76415011e+000 1.57703808e+000 1.32268937e+000 1.63259443e+000 1.82447718e+000 1.60591162e+000 1.77498821e+000
 9.96827196e-001 1.10190579e+000 4.66229255e-001 8.50985263e-001 1.25074126e+000 1.00444679e+000 4.17572648e-001 8.45232831e-001 7.93986557e-001 7.84059357e-001 1.15442078e+000 6.97732271e-001 6.02664820e-001 9.85055707e-001 4.29977049e-001 8.27820339e-001 8.06004894e-001
 8.14215010e-001 8.85433789e-001 5.81455100e-001 8.84188163e-001 1.37702691e+000 7.96110598e-001 5.71921784e-001 8.84283818e-001 9.77478009e-001 6.55989309e-001 1.15004367e+000 9.40941973e-001 5.82957540e-001 8.85132001e-001 5.93670149e-001 1.07611658e+000 9.24418667e-001
 2.02710147e+000 1.93411358e+000 1.88669906e+000 1.86862211e+000 2.21575878e+000 2.14408376e+000 1.59703851e+000 1.86124266e+000 1.90639582e+000 1.82867963e+000 2.03223869e+000 1.95957631e+000 1.89556120e+000 1.88778977e+000 1.86041134e+000 1.98212602e+000 1.91211018e+000
 4.14031537e+000 4.16277991e+000 4.14036609e+000 4.17481438e+000 4.10892752e+000 4.00817368e+000 4.12546601e+000 4.15180226e+000 4.16453058e+000 4.13453269e+000 4.18850574e+000 4.16887907e+000 4.11155072e+000 4.15259823e+000 4.05592824e+000 4.18740599e+000 4.13728373e+000
 3.79262710e+000 3.78176412e+000 3.82439399e+000 3.76559425e+000 3.76872052e+000 3.93783958e+000 3.80874269e+000 3.79667881e+000 3.75451296e+000 3.80450845e+000 3.70180393e+000 3.75844835e+000 3.79643845e+000 3.75353995e+000 3.90526007e+000 3.72138333e+000 3.77132741e+000
