 6.43140614e+001 6.43140614e+001 6.43140614e+001 6.43140614e+001 6.43140614e+001 6.43140614e+001 6.43140614e+001 6.43140614e+001 6.43140614e+001 6.43140614e+001 6.43140614e+001 8.98140614e+001 6.43140614e+001
 5.50595995e+001 5.50595995e+001 5.50595995e+001 5.50595995e+001 5.50595995e+001 5.50595995e+001 5.50595995e+001 5.50595995e+001 5.50595995e+001 5.50595995e+001 8.05595995e+001 5.50595995e+001 5.50595995e+001
 2.51368791e+001 2.51368791e+001 2.51368791e+001 2.51368791e+001 2.51368791e+001 2.51368791e+001 2.51368791e+001 2.51368791e+001 2.51368791e+001 5.06368791e+001 2.51368791e+001 2.51368791e+001 2.51368791e+001
 6.25280381e+001 6.25280381e+001 6.25280381e+001 6.25280381e+001 6.25280381e+001 6.25280381e+001 6.25280381e+001 6.25280381e+001 8.80280381e+001 6.25280381e+001 6.25280381e+001 6.25280381e+001 6.25280381e+001
 2.26541991e+001 2.26541991e+001 2.26541991e+001 2.26541991e+001 2.26541991e+001 2.26541991e+001 2.26541991e+001 4.81541991e+001 2.26541991e+001 2.26541991e+001 2.26541991e+001 2.26541991e+001 2.26541991e+001
 4.08652792e+001 4.08652792e+001 4.08652792e+001 4.08652792e+001 4.08652792e+001 4.08652792e+001 6.63652792e+001 4.08652792e+001 4.08652792e+001 4.08652792e+001 4.08652792e+001 4.08652792e+001 4.08652792e+001
 3.88619984e+001 3.88619984e+001 3.88619984e+001 3.88619984e+001 3.88619984e+001 6.43619984e+001 3.88619984e+001 3.88619984e+001 3.88619984e+001 3.88619984e+001 3.88619984e+001 3.88619984e+001 3.88619984e+001
 4.74646804e+001 4.74646804e+001 4.74646804e+001 4.74646804e+001 7.29646804e+001 4.74646804e+001 4.74646804e+001 4.74646804e+001 4.74646804e+001 4.74646804e+001 4.74646804e+001 4.74646804e+001 4.74646804e+001
 4.83949191e+001 4.83949191e+001 4.83949191e+001 7.38949191e+001 4.83949191e+001 4.83949191e+001 4.83949191e+001 4.83949191e+001 4.83949191e+001 4.83949191e+001 4.83949191e+001 4.83949191e+001 4.83949191e+001
 4.19281190e+001 4.19281190e+001 6.74281190e+001 4.19281190e+001 4.19281190e+001 4.19281190e+001 4.19281190e+001 4.19281190e+001 4.19281190e+001 4.19281190e+001 4.19281190e+001 4.19281190e+001 4.19281190e+001
 1.84762803e+001 4.39762803e+001 1.84762803e+001 1.84762803e+001 1.84762803e+001 1.84762803e+001 1.84762803e+001 1.84762803e+001 1.84762803e+001 1.84762803e+001 1.84762803e+001 1.84762803e+001 1.84762803e+001
 7.65000000e+001 5.10000000e+001 5.10000000e+001 5.10000000e+001 5.10000000e+001 5.10000000e+001 5.10000000e+001 5.10000000e+001 5.10000000e+001 5.10000000e+001 5.10000000e+001 5.10000000e+001 5.10000000e+001
 3.46929331e+001 3.79846938e+001 3.58082565e+001 3.45461309e+001 2.74407804e+001 2.53401478e+001 3.41722165e+001 1.82419134e+001 2.24653976e+001 3.64266501e+001 2.81229023e+001 1.77591674e+001 3.36232342e+001
 4.54492369e+001 4.80840358e+001 4.63094553e+001 4.53931250e+001 4.31858035e+001 4.22248072e+001 4.53928168e+001 3.36975028e+001 3.24671610e+001 4.68556258e+001 4.07848013e+001 3.41442266e+001 4.54019179e+001
 3.06071485e+003 3.06016713e+003 3.06098153e+003 3.06109158e+003 2.75910827e+003 2.75429674e+003 3.06042341e+003 2.63370298e+003 3.07894467e+003 3.06021524e+003 3.06038405e+003 2.62472694e+003 3.06094994e+003
 7.30531157e+001 6.78801713e+001 7.30149848e+001 7.25419428e+001 7.64997964e+001 7.98942400e+001 7.32542224e+001 1.00167777e+002 7.77811666e+001 6.75331341e+001 1.04792734e+002 1.16730463e+002 7.44250345e+001
 8.80911939e+001 6.76354247e+001 7.04531623e+001 8.99027169e+001 1.22806573e+002 1.29912972e+002 9.23604735e+001 1.32511871e+002 1.42187147e+002 8.43307315e+001 9.50526597e+001 1.37841151e+002 9.76505180e+001
 3.93526626e-001 4.31075879e-001 4.05170575e-001 3.92730761e-001 3.43864718e-001 3.25322815e-001 6.34728473e-001 2.90186409e-001 3.47845187e-001 4.09011316e-001 3.44270162e-001 2.25060022e-001 3.88854102e-001
 6.61099565e+001 4.12320713e+001 6.39444995e+001 6.60231843e+001 8.17100255e+001 8.93081024e+001 6.61564627e+001 1.06355249e+002 9.33949844e+001 6.59040540e+001 6.77328165e+001 1.16355466e+002 6.71653660e+001
 3.80014154e+001 4.36685685e+001 3.14217433e+001 4.02005601e+001 5.10006167e+001 2.73157252e+000 3.77028334e+001 2.74301366e+000 6.43470610e+001 4.76544015e+001 1.95930540e+001 1.73177755e+001 3.91832214e+001
 2.99544909e+003 2.99641772e+003 3.00585615e+003 2.99460686e+003 2.68641080e+003 2.68319353e+003 2.99224209e+003 2.59175129e+003 2.77374131e+003 2.99620603e+003 2.99640980e+003 2.56883777e+003 2.99062907e+003
 2.49759972e+001 2.39182075e+001 2.48289545e+001 2.49782835e+001 2.56630683e+001 4.32918767e+001 2.49826346e+001 2.71172547e+001 2.61477088e+001 2.49572609e+001 2.55760486e+001 2.80487664e+001 2.50348161e+001
 4.92300628e+001 4.48506704e+001 5.00814683e+001 4.87812988e+001 -2.79835975e+001 1.29878156e+002 4.80198091e+001 6.39925275e+001 5.52047814e+001 5.68946514e+001 3.93797269e+001 5.45603511e+001 4.80356499e+001
 3.48635938e+003 3.48752060e+003 3.49720519e+003 3.48590440e+003 3.16426646e+003 3.16456115e+003 3.48458583e+003 2.93468611e+003 3.29338853e+003 3.48503480e+003 3.50282551e+003 3.03512987e+003 3.48511670e+003
 2.33002603e+001 2.30269456e+001 2.33021878e+001 2.34290017e+001 3.59831938e+001 2.23450018e+001 2.32773735e+001 2.41233543e+001 2.44452936e+001 2.33208750e+001 2.37377124e+001 2.40436933e+001 2.32778726e+001
 6.22964679e+001 4.97453354e+001 6.29756024e+001 6.55860729e+001 6.70447437e+001 6.99637255e+001 6.11064826e+001 8.69722433e+001 6.80461817e+001 6.35113928e+001 6.28487479e+001 8.86918712e+001 6.09119065e+001
 2.66832773e+002 3.51184301e+002 2.62268534e+002 3.73673550e+002 2.34921367e+002 2.15303968e+002 2.74830227e+002 1.00996003e+002 2.28191071e+002 2.58667714e+002 2.63121106e+002 8.94390187e+001 2.76137902e+002
 3.63619519e+002 3.69510078e+002 3.71373008e+002 3.62846168e+002 3.48263559e+002 3.36042487e+002 3.61385483e+002 3.07726484e+002 3.52689341e+002 3.77632988e+002 3.19272113e+002 2.54454295e+002 3.60683912e+002
 7.61949689e+001 5.98260849e+001 5.78531427e+001 7.59354553e+001 9.64902467e+001 1.01003781e+002 7.76072689e+001 1.03678358e+002 1.11331181e+002 7.20792417e+001 7.90314601e+001 1.07077804e+002 8.09315422e+001
 7.25920497e+001 5.34712099e+001 6.55885780e+001 7.30022584e+001 7.88422546e+001 7.79842426e+001 7.38921903e+001 6.08598168e+001 8.50976483e+001 7.16282141e+001 6.95297288e+001 6.00482805e+001 7.52326323e+001
 3.31278866e+001 3.43967420e+001 3.32378507e+001 3.31844346e+001 3.28697584e+001 3.18065446e+001 3.32400493e+001 2.97977501e+001 3.45388116e+001 3.53913103e+001 2.73317180e+001 2.15085640e+001 3.32277389e+001
 8.57400774e+000 8.25754577e+000 8.58056432e+000 8.57589938e+000 9.07248154e+000 8.81885684e+000 8.30973722e+000 9.28958839e+000 8.43935471e+000 8.66560716e+000 8.30581931e+000 9.34961600e+000 8.42385050e+000
 2.75871587e+001 2.88969174e+001 2.77035492e+001 2.75373674e+001 2.69409560e+001 2.60767400e+001 2.77276049e+001 2.48722209e+001 2.94875018e+001 2.64003337e+001 2.29631424e+001 1.88839865e+001 2.77249938e+001
 8.83921315e+000 1.05490034e+001 9.52051511e+000 8.91752226e+000 7.03065903e+000 6.88151066e+000 8.75910026e+000 8.22570795e+000 6.15294895e+000 9.10911171e+000 9.95194414e+000 1.16871043e+001 8.37488743e+000
 1.81269814e+001 1.61880498e+001 1.72259450e+001 1.80758575e+001 1.91255591e+001 2.07560722e+001 1.86430452e+001 1.54998204e+001 1.59080219e+001 1.65468073e+001 2.64619151e+001 2.24346997e+001 1.87738325e+001
 1.44113527e+000 1.18793104e+000 1.37356039e+000 1.47217097e+000 1.68779862e+000 2.00333887e+000 1.41067918e+000 3.48435558e+000 1.81354803e+000 1.50836350e+000 2.66675346e+000 6.16631581e+000 1.44058552e+000
 3.46547600e+001 3.68224287e+001 3.52843349e+001 3.45651983e+001 3.36036250e+001 3.19545958e+001 3.44432989e+001 2.86438086e+001 3.42351953e+001 3.71314973e+001 2.79877148e+001 1.38846572e+001 3.45930289e+001
 1.14327048e+001 1.04464662e+001 1.11121153e+001 1.14683686e+001 1.40964590e+001 1.43474800e+001 1.12502776e+001 1.69883884e+001 1.51359690e+001 1.12280664e+001 1.23672946e+001 1.78000943e+001 1.16462217e+001
 2.71851476e+001 3.00105955e+001 2.79934127e+001 2.70674698e+001 2.44870168e+001 2.26724434e+001 2.71523892e+001 1.97072304e+001 2.54701294e+001 2.58981163e+001 2.18373273e+001 9.26761699e+000 2.69002371e+001
 8.09041704e+000 1.05303911e+001 9.43702555e+000 8.00787392e+000 1.27708442e+000 6.73809073e-001 7.50875944e+000 6.72689040e-001 1.76780608e-001 8.60514639e+000 9.38427744e+000 1.99712145e+000 6.46587942e+000
 1.52975937e+001 1.17069138e+001 1.31226114e+001 1.53898447e+001 1.89263448e+001 2.04137727e+001 1.62303825e+001 1.50128217e+001 1.33170823e+001 1.36026276e+001 2.39900353e+001 2.94545926e+001 1.69077560e+001
 1.48954649e+000 1.03303029e+000 1.27080551e+000 1.54610386e+000 2.31259202e+000 2.89763730e+000 1.50995602e+000 5.67905312e+000 3.36061577e+000 1.54274962e+000 2.96015606e+000 1.05537180e+001 1.59966221e+000
 2.71464055e+000 1.12451205e+000 2.54797187e+000 2.69172975e+000 4.94736074e+000 6.02732674e+000 2.71733342e+000 9.64079913e+000 6.77480765e+000 2.68419877e+000 2.41333827e+000 1.40964719e+001 2.81174431e+000
 1.21140511e+000 4.47254638e-001 1.16587822e+000 1.23058246e+000 2.32682635e+000 3.00641090e+000 1.18083776e+000 5.54606575e+000 3.51021345e+000 1.28305365e+000 1.15958324e+000 4.89214456e+000 1.22888518e+000
 5.69918337e-002 1.43020210e-001 5.32391035e-002 4.53702571e-002 2.31910587e-002 1.71968969e-002 5.57498585e-002 2.60054124e-003 8.06624179e-003 4.92125438e-002 6.26007223e-002 7.55304340e-003 5.18564735e-002
 9.37297389e-001 1.31021017e+000 8.74199528e-001 8.43764361e-001 8.56507906e-001 1.20432716e+000 1.02392876e+000 2.91218633e-001 6.48260483e-001 7.37801763e-001 1.08140789e+000 3.41102926e-001 1.04535392e+000
 1.01977362e-001 1.37212089e-001 9.63151026e-002 9.03074071e-002 9.90962179e-002 1.50470237e-001 1.06799721e-001 8.37147548e-002 8.81133118e-002 9.56934830e-002 1.60538323e-001 1.38003971e-001 1.08050824e-001
 5.48726238e+001 5.50791743e+001 5.48204826e+001 5.44604941e+001 5.48801737e+001 5.51145459e+001 5.50575579e+001 5.10370304e+001 5.42464886e+001 5.38712905e+001 5.13134489e+001 6.02128320e+001 5.54158921e+001
 4.45669942e+001 4.38027249e+001 4.48150478e+001 4.47321066e+001 4.46166671e+001 4.45362480e+001 4.40148418e+001 4.90629755e+001 4.50126484e+001 4.60844968e+001 4.77416730e+001 3.95962079e+001 4.41929904e+001
