 1.57197850e+000 1.57197850e+000 1.57197850e+000 1.57197850e+000 1.57197850e+000 1.57197850e+000 1.57197850e+000 1.57197850e+000 1.57197850e+000 1.57197850e+000 1.57197850e+000 2.19525514e+000 1.57197850e+000
 1.40954668e+000 1.40954668e+000 1.40954668e+000 1.40954668e+000 1.40954668e+000 1.40954668e+000 1.40954668e+000 1.40954668e+000 1.40954668e+000 1.40954668e+000 2.06235637e+000 1.40954668e+000 1.40954668e+000
 7.59941757e-001 7.59941757e-001 7.59941757e-001 7.59941757e-001 7.59941757e-001 7.59941757e-001 7.59941757e-001 7.59941757e-001 7.59941757e-001 1.53086144e+000 7.59941757e-001 7.59941757e-001 7.59941757e-001
 1.54178526e+000 1.54178526e+000 1.54178526e+000 1.54178526e+000 1.54178526e+000 1.54178526e+000 1.54178526e+000 1.54178526e+000 2.17055158e+000 1.54178526e+000 1.54178526e+000 1.54178526e+000 1.54178526e+000
 6.95322749e-001 6.95322749e-001 6.95322749e-001 6.95322749e-001 6.95322749e-001 6.95322749e-001 6.95322749e-001 1.47799134e+000 6.95322749e-001 6.95322749e-001 6.95322749e-001 6.95322749e-001 6.95322749e-001
 1.12815659e+000 1.12815659e+000 1.12815659e+000 1.12815659e+000 1.12815659e+000 1.12815659e+000 1.83212812e+000 1.12815659e+000 1.12815659e+000 1.12815659e+000 1.12815659e+000 1.12815659e+000 1.12815659e+000
 1.08485190e+000 1.08485190e+000 1.08485190e+000 1.08485190e+000 1.08485190e+000 1.79669701e+000 1.08485190e+000 1.08485190e+000 1.08485190e+000 1.08485190e+000 1.08485190e+000 1.08485190e+000 1.08485190e+000
 1.26427726e+000 1.26427726e+000 1.26427726e+000 1.26427726e+000 1.94349958e+000 1.26427726e+000 1.26427726e+000 1.26427726e+000 1.26427726e+000 1.26427726e+000 1.26427726e+000 1.26427726e+000 1.26427726e+000
 1.28269872e+000 1.28269872e+000 1.28269872e+000 1.95857168e+000 1.28269872e+000 1.28269872e+000 1.28269872e+000 1.28269872e+000 1.28269872e+000 1.28269872e+000 1.28269872e+000 1.28269872e+000 1.28269872e+000
 1.15074519e+000 1.15074519e+000 1.85060970e+000 1.15074519e+000 1.15074519e+000 1.15074519e+000 1.15074519e+000 1.15074519e+000 1.15074519e+000 1.15074519e+000 1.15074519e+000 1.15074519e+000 1.15074519e+000
 5.82017051e-001 1.38528668e+000 5.82017051e-001 5.82017051e-001 5.82017051e-001 5.82017051e-001 5.82017051e-001 5.82017051e-001 5.82017051e-001 5.82017051e-001 5.82017051e-001 5.82017051e-001 5.82017051e-001
 2.00000000e+000 1.33333333e+000 1.33333333e+000 1.33333333e+000 1.33333333e+000 1.33333333e+000 1.33333333e+000 1.33333333e+000 1.33333333e+000 1.33333333e+000 1.33333333e+000 1.33333333e+000 1.33333333e+000
 1.34469189e+000 1.47227995e+000 1.38792162e+000 1.33900186e+000 1.06359975e+000 9.82179602e-001 1.32450901e+000 7.07053304e-001 8.70754797e-001 1.41189045e+000 1.09003867e+000 6.88342156e-001 1.30323055e+000
 1.91995807e+000 2.03126255e+000 1.95629715e+000 1.91758768e+000 1.82434157e+000 1.78374523e+000 1.91757466e+000 1.42351769e+000 1.37154311e+000 1.97936958e+000 1.72291360e+000 1.44238909e+000 1.91795913e+000
 2.98727307e+000 2.98673849e+000 2.98753335e+000 2.98764076e+000 2.69290353e+000 2.68820745e+000 2.98698862e+000 2.57050734e+000 3.00506546e+000 2.98678545e+000 2.98695020e+000 2.56174668e+000 2.98750252e+000
 1.08028883e+000 1.00379279e+000 1.07972496e+000 1.07272975e+000 1.13125737e+000 1.18145345e+000 1.08326274e+000 1.48125278e+000 1.15020591e+000 9.98660905e-001 1.54964534e+000 1.72617710e+000 1.10057638e+000
 9.22092792e-001 7.07972442e-001 7.37467053e-001 9.41054873e-001 1.28547532e+000 1.35986141e+000 9.66781390e-001 1.38706533e+000 1.48834109e+000 8.82730228e-001 9.94961795e-001 1.44284946e+000 1.02215482e+000
 7.93965034e-001 8.69723044e-001 8.17457443e-001 7.92359326e-001 6.93768972e-001 6.56359501e-001 1.28060512e+000 5.85469564e-001 7.01799821e-001 8.25206383e-001 6.94586981e-001 4.54072930e-001 7.84537920e-001
 7.27425106e-001 4.53687242e-001 7.03598018e-001 7.26470329e-001 8.99076737e-001 9.82680361e-001 7.27936826e-001 1.17025456e+000 1.02764939e+000 7.25159508e-001 7.45281859e-001 1.28028956e+000 7.39038053e-001
 5.56199519e-001 6.39145582e-001 4.59897567e-001 5.88386826e-001 7.46459524e-001 3.99800719e-002 5.51829388e-001 4.01475277e-002 9.41801877e-001 6.97483367e-001 2.86769508e-001 2.53467885e-001 5.73496767e-001
 3.01205221e+000 3.01302621e+000 3.02251695e+000 3.01120531e+000 2.70130099e+000 2.69806588e+000 3.00882743e+000 2.60611680e+000 2.78911555e+000 3.01281334e+000 3.01301824e+000 2.58307628e+000 3.00720547e+000
 9.57129939e-001 9.16593332e-001 9.51494970e-001 9.57217555e-001 9.83459872e-001 1.65903091e+000 9.57384297e-001 1.03918719e+000 1.00203226e+000 9.56411927e-001 9.80125103e-001 1.07488457e+000 9.59383996e-001
 2.92946793e-001 2.66886924e-001 2.98013138e-001 2.90276392e-001 -1.66518275e-001 7.72848684e-001 2.85745097e-001 3.80791830e-001 3.28499757e-001 3.38555442e-001 2.34331708e-001 3.24665031e-001 2.85839359e-001
 2.87679390e+000 2.87775209e+000 2.88574340e+000 2.87641847e+000 2.61101667e+000 2.61125984e+000 2.87533045e+000 2.42157683e+000 2.71756265e+000 2.87570092e+000 2.89038105e+000 2.50445871e+000 2.87576850e+000
 1.19666409e+000 1.18262708e+000 1.19676308e+000 1.20327604e+000 1.84803926e+000 1.14760354e+000 1.19548866e+000 1.23893688e+000 1.25547117e+000 1.19772283e+000 1.21913093e+000 1.23484562e+000 1.19551429e+000
 1.18007511e+000 9.42320397e-001 1.19293988e+000 1.24238974e+000 1.27002118e+000 1.32531513e+000 1.15753335e+000 1.64750560e+000 1.28899131e+000 1.20308930e+000 1.19053689e+000 1.68008032e+000 1.15384752e+000
 8.07249049e-001 1.06243768e+000 7.93440859e-001 1.13047440e+000 7.10707489e-001 6.51358982e-001 8.31443742e-001 3.05543155e-001 6.90346328e-001 7.82547300e-001 7.96020144e-001 2.70579816e-001 8.35399850e-001
 1.95088014e+000 1.98248399e+000 1.99247892e+000 1.94673098e+000 1.86849282e+000 1.80292471e+000 1.93889416e+000 1.65100457e+000 1.89223789e+000 2.02606477e+000 1.71294882e+000 1.36519028e+000 1.93513011e+000
 1.08236916e+000 8.49844947e-001 8.21818795e-001 1.07868270e+000 1.37066881e+000 1.43478473e+000 1.10243125e+000 1.47277778e+000 1.58148811e+000 1.02390420e+000 1.12266225e+000 1.52106779e+000 1.14965340e+000
 1.59601460e+000 1.17562229e+000 1.44203572e+000 1.60503349e+000 1.73343211e+000 1.71456779e+000 1.62459960e+000 1.33806879e+000 1.87096369e+000 1.57482364e+000 1.52868617e+000 1.32022629e+000 1.65407066e+000
 1.69255287e+000 1.75738057e+000 1.69817110e+000 1.69544199e+000 1.67936471e+000 1.62504354e+000 1.69828343e+000 1.52241125e+000 1.76463912e+000 1.80819454e+000 1.39641802e+000 1.09890444e+000 1.69765447e+000
 3.00548535e+000 2.89455451e+000 3.00778365e+000 3.00614843e+000 3.18021760e+000 3.09131340e+000 2.91284942e+000 3.25632104e+000 2.95828482e+000 3.03759410e+000 2.91147605e+000 3.27736278e+000 2.95285006e+000
 1.78665623e+000 1.87148151e+000 1.79419415e+000 1.78343154e+000 1.74480552e+000 1.68883539e+000 1.79575209e+000 1.61082585e+000 1.90973015e+000 1.70979263e+000 1.48718619e+000 1.22300351e+000 1.79558299e+000
 1.20784628e+000 1.44148289e+000 1.30094371e+000 1.21854693e+000 9.60713947e-001 9.40333366e-001 1.19689915e+000 1.12401303e+000 8.40778062e-001 1.24472694e+000 1.35989692e+000 1.59700023e+000 1.14439786e+000
 1.19584778e+000 1.06793530e+000 1.13640587e+000 1.19247510e+000 1.26172454e+000 1.36929047e+000 1.22989281e+000 1.02253240e+000 1.04946170e+000 1.09160275e+000 1.74570833e+000 1.48003052e+000 1.23852093e+000
 2.52219694e-001 2.07905260e-001 2.40393104e-001 2.57651394e-001 2.95389378e-001 3.50613524e-001 2.46889434e-001 6.09813052e-001 3.17397359e-001 2.63985614e-001 4.66720755e-001 1.07919521e+000 2.52123479e-001
 1.22245672e+000 1.29892186e+000 1.24466516e+000 1.21929741e+000 1.18537763e+000 1.12720764e+000 1.21499737e+000 1.01041866e+000 1.20765645e+000 1.30982435e+000 9.87274765e-001 4.89785314e-001 1.22027914e+000
 1.12324481e+000 1.02634845e+000 1.09174740e+000 1.12674872e+000 1.38495436e+000 1.40961677e+000 1.10532163e+000 1.66908176e+000 1.48708454e+000 1.10313941e+000 1.21506675e+000 1.74883055e+000 1.14422250e+000
 1.10191594e+000 1.21644194e+000 1.13467796e+000 1.09714602e+000 9.92550588e-001 9.18999125e-001 1.10058812e+000 7.98807926e-001 1.03239983e+000 1.04974774e+000 8.85148739e-001 3.75651259e-001 1.09036745e+000
 7.08174457e-001 9.21751495e-001 8.26046471e-001 7.00949251e-001 1.11786396e-001 5.89801950e-002 6.57260511e-001 5.88821557e-002 1.54740492e-002 7.53230006e-001 8.21429297e-001 1.74813040e-001 5.65974612e-001
 6.99675862e-001 5.35446630e-001 6.00197300e-001 7.03895205e-001 8.65646380e-001 9.33677824e-001 7.42339422e-001 6.86651062e-001 6.09091940e-001 6.22152109e-001 1.09724764e+000 1.34718361e+000 7.73320888e-001
 1.39478970e-001 9.67314562e-002 1.18996383e-001 1.44774920e-001 2.16547758e-001 2.71330549e-001 1.41390089e-001 5.31778287e-001 3.14683181e-001 1.44460834e-001 2.77184715e-001 9.88234828e-001 1.49790046e-001
 1.87293338e-001 7.75843474e-002 1.75794234e-001 1.85712635e-001 3.41337164e-001 4.15848111e-001 1.87479129e-001 6.65155263e-001 4.67419651e-001 1.85193044e-001 1.66505352e-001 9.72569012e-001 1.93992894e-001
 2.12596468e-001 7.84912955e-002 2.04606692e-001 2.15962012e-001 4.08348174e-001 5.27612385e-001 2.07232028e-001 9.73311060e-001 6.16027600e-001 2.25170484e-001 2.03501950e-001 8.58550659e-001 2.15664147e-001
 3.67732562e-001 9.22819723e-001 3.43518547e-001 2.92745816e-001 1.49637358e-001 1.10960791e-001 3.59718875e-001 1.67796618e-002 5.20463997e-002 3.17537683e-001 4.03923202e-001 4.87350523e-002 3.34597303e-001
 7.94902918e-001 1.11116269e+000 7.41390901e-001 7.15579453e-001 7.26386995e-001 1.02136545e+000 8.68373228e-001 2.46976620e-001 5.49776576e-001 6.25714721e-001 9.17120113e-001 2.89282478e-001 8.86543472e-001
 1.00719500e+000 1.35519617e+000 9.51270833e-001 8.91934910e-001 9.78738943e-001 1.48614230e+000 1.05482377e+000 8.26821572e-001 8.70264593e-001 9.45131312e-001 1.58558129e+000 1.36301731e+000 1.06718048e+000
 2.70298001e+000 2.71315452e+000 2.70041158e+000 2.68267885e+000 2.70335192e+000 2.71489690e+000 2.71208971e+000 2.51404186e+000 2.67213711e+000 2.65365516e+000 2.52765801e+000 2.96603425e+000 2.72974096e+000
 2.43101280e+000 2.38932391e+000 2.44454348e+000 2.44001925e+000 2.43372233e+000 2.42933568e+000 2.40089433e+000 2.67625680e+000 2.45532207e+000 2.51378859e+000 2.60418321e+000 2.15986943e+000 2.41061187e+000
