 4.82743397e+000 4.83773337e+000 4.82110510e+000 4.83253597e+000 4.82803846e+000 4.83027450e+000 4.81291570e+000 4.83867461e+000 4.82791467e+000 4.83298857e+000 4.82845060e+000 4.84369234e+000 4.82713350e+000 4.83462995e+000 4.83403902e+000 4.82233662e+000 4.80895730e+000 4.83089597e+000
 4.74462049e+000 4.75147605e+000 4.74162433e+000 4.75495618e+000 4.75329063e+000 4.77376387e+000 4.74823939e+000 4.74343150e+000 4.75673323e+000 4.74447234e+000 4.74322652e+000 4.74859326e+000 4.74940697e+000 4.75774215e+000 4.74734696e+000 4.78860172e+000 4.75244089e+000 4.75257487e+000
 3.32691106e+000 3.31547373e+000 3.26299915e+000 3.32727168e+000 3.30687939e+000 3.34758236e+000 3.32174247e+000 2.98037844e+000 3.33278724e+000 3.34435631e+000 3.32615205e+000 3.31097325e+000 3.32087674e+000 3.25281207e+000 3.19863177e+000 3.34316381e+000 3.31835803e+000 3.33175947e+000
 4.42854195e+000 4.44723636e+000 4.42316951e+000 4.42959969e+000 4.43811239e+000 4.44653379e+000 4.44092616e+000 4.44155255e+000 4.43893170e+000 4.43787480e+000 4.43446107e+000 4.44997290e+000 4.44582062e+000 4.52804778e+000 4.43753904e+000 4.43811928e+000 4.43641678e+000 4.44106749e+000
 2.07749893e+000 2.08066038e+000 2.53891155e+000 2.04602350e+000 2.08194554e+000 2.05620268e+000 2.10848983e+000 2.03555713e+000 1.99200300e+000 2.07963744e+000 2.07755273e+000 2.09145649e+000 2.07659312e+000 2.35951956e+000 2.05383281e+000 2.02854220e+000 2.11889910e+000 2.07796814e+000
 3.58975520e+000 3.46894824e+000 3.43959409e+000 3.59324922e+000 3.58136613e+000 3.59285891e+000 3.57862565e+000 3.59459815e+000 3.61061759e+000 3.58399253e+000 3.58771971e+000 3.58574399e+000 3.72330426e+000 3.50163417e+000 3.59681383e+000 3.58392202e+000 3.57631804e+000 3.58632643e+000
 4.33260453e+000 4.42120208e+000 4.40057530e+000 4.43773129e+000 4.35007359e+000 4.40893941e+000 4.35622817e+000 4.38022479e+000 4.40235704e+000 4.37900103e+000 4.31371031e+000 4.39989403e+000 4.43849025e+000 4.32383237e+000 4.38440039e+000 4.41012511e+000 4.35781328e+000 4.37739946e+000
 4.46307922e+000 4.39981710e+000 4.41044677e+000 4.42012373e+000 4.40825948e+000 4.41659874e+000 4.35419209e+000 4.42383574e+000 4.42168308e+000 4.43378727e+000 4.43557545e+000 4.41294070e+000 4.39064687e+000 4.42498326e+000 4.46209992e+000 4.47161171e+000 4.38446674e+000 4.35974967e+000
 4.31460779e+000 4.31679945e+000 4.18897762e+000 4.31663987e+000 4.32747196e+000 4.31729681e+000 4.31479108e+000 4.31425765e+000 4.33643624e+000 4.27623194e+000 4.31834370e+000 4.31625995e+000 4.32077597e+000 4.29476481e+000 4.31688559e+000 4.31601364e+000 4.31289571e+000 4.31752237e+000
 4.44832126e+000 4.45276638e+000 4.50658568e+000 4.43623225e+000 4.44928976e+000 4.45404617e+000 4.43499502e+000 4.43185267e+000 4.43258336e+000 4.45157394e+000 4.44242228e+000 4.45397277e+000 4.44566552e+000 4.53515218e+000 4.44525084e+000 4.45245954e+000 4.43281764e+000 4.44933588e+000
 2.52689716e+000 2.52689214e+000 2.94208153e+000 2.54626712e+000 2.50757005e+000 2.48476632e+000 2.52060769e+000 2.54667365e+000 2.52146354e+000 2.53308881e+000 2.56650786e+000 2.56627737e+000 2.49307778e+000 2.51502178e+000 2.52691078e+000 2.54563254e+000 2.51518938e+000 2.50425305e+000
 5.00000000e+000 5.00000000e+000 5.00000000e+000 5.00000000e+000 5.00000000e+000 5.00000000e+000 5.00000000e+000 5.00000000e+000 5.00000000e+000 5.00000000e+000 5.00000000e+000 5.00000000e+000 5.00000000e+000 5.00000000e+000 5.00000000e+000 5.00000000e+000 5.00000000e+000 5.00000000e+000
 4.89757968e+000 4.90678966e+000 4.89743131e+000 4.89552114e+000 4.88837572e+000 4.89376906e+000 4.88607626e+000 4.90082910e+000 4.89055276e+000 4.89360863e+000 4.89053507e+000 4.89910680e+000 4.89988430e+000 4.89733912e+000 4.89389364e+000 4.89598714e+000 4.89320731e+000 4.89323170e+000
 4.88608364e+000 4.88485200e+000 4.87799552e+000 4.88134015e+000 4.89030645e+000 4.88363049e+000 4.87760146e+000 4.88897624e+000 4.88515383e+000 4.88542134e+000 4.87837256e+000 4.88033824e+000 4.87966197e+000 4.89985574e+000 4.88881349e+000 4.88513114e+000 4.87764786e+000 4.88708987e+000
 4.33706355e+000 4.33868271e+000 4.44557160e+000 4.32879219e+000 4.33705087e+000 4.33548088e+000 4.34168449e+000 4.33427785e+000 4.32236529e+000 4.33727333e+000 4.33885592e+000 4.33668150e+000 4.33479024e+000 4.41390528e+000 4.33540941e+000 4.33536572e+000 4.34409379e+000 4.33703837e+000
 4.40130234e+000 4.40764518e+000 4.48452901e+000 4.39595809e+000 4.40679045e+000 4.40934704e+000 4.39834495e+000 4.39752360e+000 4.39673419e+000 4.40159371e+000 4.43140949e+000 4.36997990e+000 4.39133411e+000 4.47251274e+000 4.40205155e+000 4.42293027e+000 4.38282552e+000 4.39359479e+000
 4.52658049e+000 4.52644111e+000 4.43804752e+000 4.52631946e+000 4.52668250e+000 4.52660379e+000 4.52632801e+000 4.52615819e+000 4.54022070e+000 4.52648420e+000 4.52637651e+000 4.52667078e+000 4.52633776e+000 4.52716775e+000 4.52674792e+000 4.52639436e+000 4.52659860e+000 4.52673272e+000
 3.73205228e+000 3.61191196e+000 3.75121354e+000 3.73131329e+000 3.72895654e+000 3.73170736e+000 3.72711797e+000 3.72909489e+000 3.73214766e+000 3.73281096e+000 3.73469969e+000 3.73912636e+000 3.86429161e+000 3.76914170e+000 3.73077172e+000 3.71960303e+000 3.72761204e+000 3.72524691e+000
 3.60198208e+000 3.59998007e+000 3.34174628e+000 3.60463543e+000 3.60106273e+000 3.60267906e+000 3.59715551e+000 3.60323457e+000 3.64324695e+000 3.60151392e+000 3.60389810e+000 3.59784372e+000 3.60319066e+000 3.55933310e+000 3.60307007e+000 3.60249771e+000 3.59611356e+000 3.60119722e+000
 4.19233671e+000 4.21420459e+000 4.20911343e+000 4.21828438e+000 4.19664846e+000 4.21117789e+000 4.19816755e+000 4.20409046e+000 4.20955320e+000 4.20378842e+000 4.18767318e+000 4.33536897e+000 4.21847170e+000 4.19017153e+000 4.20512110e+000 4.21147055e+000 4.19855879e+000 4.20339311e+000
 4.29088955e+000 4.29269287e+000 4.40680452e+000 4.28196086e+000 4.29115004e+000 4.28912906e+000 4.29599200e+000 4.28755618e+000 4.27498330e+000 4.29130962e+000 4.29281558e+000 4.29048823e+000 4.28860249e+000 4.37214635e+000 4.28895964e+000 4.28857795e+000 4.29863152e+000 4.29086087e+000
 4.45531977e+000 4.46268947e+000 4.47182358e+000 4.53983283e+000 4.48452745e+000 4.54149745e+000 4.46967019e+000 4.48016213e+000 4.53204728e+000 4.49575405e+000 4.47607897e+000 4.49912220e+000 4.48570614e+000 4.51588666e+000 4.49395039e+000 4.55435254e+000 4.46406490e+000 4.50620810e+000
 4.03312597e+000 4.01002676e+000 4.01390802e+000 4.01744142e+000 4.01310936e+000 4.01615433e+000 3.99336747e+000 4.01879680e+000 4.01801079e+000 4.02243045e+000 3.82207292e+000 4.01481864e+000 4.00667839e+000 4.01921580e+000 4.03276840e+000 4.03624148e+000 4.00442180e+000 3.99539673e+000
 4.53998007e+000 4.54201839e+000 4.61683740e+000 4.53354353e+000 4.54012272e+000 4.54048283e+000 4.54270798e+000 4.54042969e+000 4.53169016e+000 4.54050838e+000 4.54208948e+000 4.53883542e+000 4.53811046e+000 4.59804272e+000 4.54022323e+000 4.54225514e+000 4.54396142e+000 4.53999676e+000
 4.45433244e+000 4.45496185e+000 4.36290174e+000 4.44405336e+000 4.46538711e+000 4.47873779e+000 4.45883932e+000 4.44518905e+000 4.43913128e+000 4.45095056e+000 4.42715489e+000 4.43606212e+000 4.47114397e+000 4.46133208e+000 4.45531923e+000 4.44720648e+000 4.46101018e+000 4.46656831e+000
 3.76104713e+000 3.75990680e+000 3.52970999e+000 3.76397158e+000 3.76136340e+000 3.76064216e+000 3.75845189e+000 3.76063343e+000 3.79703544e+000 3.75770712e+000 3.76311539e+000 3.75897991e+000 3.76255347e+000 3.72736246e+000 3.76118598e+000 3.75873132e+000 3.75788264e+000 3.76078705e+000
 3.14677713e+000 3.14968976e+000 3.44349192e+000 3.14970429e+000 3.15712147e+000 3.14830168e+000 3.15332922e+000 3.15393389e+000 3.09760124e+000 3.12394595e+000 3.14363205e+000 3.15044981e+000 3.14244730e+000 3.18917134e+000 3.15030466e+000 3.15255338e+000 3.15685517e+000 3.14850968e+000
 4.23630707e+000 4.23563631e+000 4.34353983e+000 4.22444411e+000 4.23707723e+000 4.22725739e+000 4.24622892e+000 4.21513417e+000 4.19765980e+000 4.23745081e+000 4.23364141e+000 4.24394027e+000 4.23438602e+000 4.33602337e+000 4.22478000e+000 4.21593544e+000 4.25203793e+000 4.23873321e+000
 4.52647974e+000 4.52486755e+000 4.44113553e+000 4.52924639e+000 4.52632688e+000 4.52487200e+000 4.52975949e+000 4.53059897e+000 4.54274725e+000 4.52550261e+000 4.52773941e+000 4.52483313e+000 4.52675587e+000 4.50261194e+000 4.52755928e+000 4.52480542e+000 4.53045069e+000 4.52599214e+000
 3.94103176e+000 3.93598552e+000 3.74414352e+000 3.93701422e+000 3.93870408e+000 3.93741956e+000 3.93942772e+000 3.93760781e+000 3.97248106e+000 3.94035646e+000 3.94223866e+000 3.93737060e+000 3.94172031e+000 3.93998459e+000 3.93885826e+000 3.93655931e+000 3.93836666e+000 3.94001073e+000
 4.53722044e+000 4.54391423e+000 4.57909224e+000 4.54303228e+000 4.54802501e+000 4.52274288e+000 4.54165219e+000 4.50732011e+000 4.53096703e+000 4.52806007e+000 4.53464619e+000 4.54331940e+000 4.54027360e+000 4.59689827e+000 4.51373051e+000 4.52593843e+000 4.53684096e+000 4.53532976e+000
 4.28594684e+000 4.28757994e+000 4.16605212e+000 4.27281721e+000 4.28729216e+000 4.29571511e+000 4.26967148e+000 4.27602540e+000 4.31767901e+000 4.27484916e+000 4.29531478e+000 4.29013815e+000 4.27682693e+000 4.23066876e+000 4.29590281e+000 4.29526616e+000 4.28959844e+000 4.28756400e+000
 4.31236655e+000 4.32277706e+000 4.39878405e+000 4.29933078e+000 4.31681805e+000 4.31838360e+000 4.31333319e+000 4.31662711e+000 4.31033504e+000 4.31651138e+000 4.32269052e+000 4.32000976e+000 4.31540628e+000 4.41681204e+000 4.33326082e+000 4.28721471e+000 4.32341408e+000 4.31251640e+000
 4.31261939e+000 4.26047221e+000 4.38717076e+000 4.28487214e+000 4.28235383e+000 4.26589146e+000 4.25956529e+000 4.29603976e+000 4.30003960e+000 4.27127968e+000 4.30837105e+000 4.28441702e+000 4.31713849e+000 4.25098649e+000 4.26695926e+000 4.30251270e+000 4.28413093e+000 4.28076889e+000
 4.12685719e+000 4.11529205e+000 4.19191973e+000 4.15814287e+000 4.12453277e+000 4.15157954e+000 4.11514316e+000 4.15928663e+000 4.10767317e+000 4.11198329e+000 4.15090407e+000 4.11577514e+000 4.09433965e+000 4.01234634e+000 4.12309389e+000 4.16585395e+000 4.09047789e+000 4.12386276e+000
 3.10165803e+000 3.11931943e+000 2.83127069e+000 3.11263051e+000 3.10907576e+000 3.10929307e+000 3.11145932e+000 3.08522914e+000 3.22558511e+000 3.10347039e+000 3.12581782e+000 3.08031033e+000 3.10901725e+000 3.05720663e+000 3.10016476e+000 3.11199346e+000 3.11665011e+000 3.10530030e+000
 4.24872572e+000 4.23269361e+000 4.35616584e+000 4.22521926e+000 4.24936947e+000 4.22855047e+000 4.25369966e+000 4.21309158e+000 4.22066043e+000 4.25227203e+000 4.22576421e+000 4.25351123e+000 4.24344263e+000 4.32248114e+000 4.22133459e+000 4.22699223e+000 4.25993707e+000 4.24719687e+000
 4.31264483e+000 4.31007098e+000 4.17885876e+000 4.31946766e+000 4.30263886e+000 4.31431721e+000 4.29619143e+000 4.31507420e+000 4.32815717e+000 4.30975100e+000 4.31458559e+000 4.31856966e+000 4.28714316e+000 4.26314271e+000 4.31941364e+000 4.29828495e+000 4.29822773e+000 4.30403409e+000
 4.03427598e+000 4.03545999e+000 4.19104060e+000 4.01647597e+000 4.03788430e+000 4.01319371e+000 4.04358032e+000 4.04662312e+000 4.01214646e+000 4.03957742e+000 4.03076947e+000 4.02280641e+000 4.02777071e+000 4.18572845e+000 4.03362014e+000 4.01127184e+000 4.04281706e+000 4.02994936e+000
 2.08716870e+000 2.10672211e+000 2.47507199e+000 2.10598296e+000 2.11440907e+000 2.09437773e+000 2.11060994e+000 2.13304050e+000 2.16014871e+000 2.08409584e+000 2.14294911e+000 2.00995326e+000 2.09805848e+000 1.91397688e+000 2.08707318e+000 2.04455903e+000 2.11252034e+000 2.10571655e+000
 3.84741472e+000 3.87441529e+000 3.90472439e+000 3.90585165e+000 3.87614947e+000 3.89987525e+000 3.84845972e+000 3.89949486e+000 3.81664760e+000 3.88150028e+000 3.88473170e+000 3.83980453e+000 3.86657024e+000 3.67413875e+000 3.86860419e+000 3.91520443e+000 3.86844483e+000 3.84220629e+000
 2.89716224e+000 2.90076407e+000 2.58108001e+000 2.89166071e+000 2.89453192e+000 2.89122939e+000 2.88816480e+000 2.90453661e+000 3.02088365e+000 2.90542972e+000 2.90150604e+000 2.88945363e+000 2.90749710e+000 2.85302467e+000 2.89721527e+000 2.89097098e+000 2.89690489e+000 2.89396807e+000
 2.57662148e+000 2.57272946e+000 2.15651481e+000 2.58732678e+000 2.57413295e+000 2.57996314e+000 2.56078268e+000 2.58480872e+000 2.67351211e+000 2.57215773e+000 2.58145420e+000 2.57424583e+000 2.57957528e+000 2.49335763e+000 2.57458080e+000 2.56100814e+000 2.56153285e+000 2.56777806e+000
 2.33102445e+000 2.32580952e+000 1.88443370e+000 2.34413333e+000 2.30831950e+000 2.33059745e+000 2.32074741e+000 2.33624780e+000 2.45090030e+000 2.32996918e+000 2.31791765e+000 2.33053063e+000 2.35560469e+000 2.27927873e+000 2.34062230e+000 2.35002030e+000 2.34195733e+000 2.34805211e+000
 1.58485551e+000 1.05738690e+000 1.50761559e+000 1.40621730e+000 1.37684005e+000 1.35672917e+000 1.77422565e+000 1.25850594e+000 1.21592323e+000 1.17081618e+000 1.48047831e+000 1.50576766e+000 1.39683005e+000 1.21969461e+000 1.62890583e+000 1.69796616e+000 1.71021166e+000 1.68381890e+000
 2.32311973e+000 2.33201125e+000 2.74521128e+000 2.33697107e+000 2.30251175e+000 2.32017010e+000 2.32382576e+000 2.32929329e+000 2.27494513e+000 2.33018772e+000 2.30917172e+000 2.30343058e+000 2.32906963e+000 2.24414712e+000 2.33712656e+000 2.34259786e+000 2.31845388e+000 2.31965087e+000
 2.78407054e+000 2.66173610e+000 3.08687499e+000 2.82599209e+000 2.79834964e+000 2.99924751e+000 3.01526294e+000 2.91351902e+000 2.66417575e+000 3.02501365e+000 2.97438310e+000 2.77747092e+000 2.96518177e+000 2.82273645e+000 2.74523090e+000 2.95633981e+000 2.82342795e+000 2.96033253e+000
 4.62501074e+000 4.63353327e+000 4.66439548e+000 4.63985539e+000 4.62587562e+000 4.65552628e+000 4.62010508e+000 4.67044549e+000 4.59721116e+000 4.64363360e+000 4.63029839e+000 4.65065805e+000 4.62084410e+000 4.65378931e+000 4.66633269e+000 4.64791851e+000 4.62975256e+000 4.63556357e+000
 4.48109844e+000 4.50830690e+000 4.47526235e+000 4.47438222e+000 4.50511492e+000 4.48869836e+000 4.51675756e+000 4.50461697e+000 4.49177637e+000 4.48454896e+000 4.45039852e+000 4.49588802e+000 4.55032607e+000 4.47862192e+000 4.49906796e+000 4.47593246e+000 4.52081704e+000 4.48994161e+000
