 4.71150373e+000 4.70306820e+000 4.67478893e+000 4.70137522e+000 4.70554852e+000 4.70490333e+000 4.65435798e+000 4.70169625e+000 4.71242989e+000 4.70271900e+000 4.70814149e+000 4.70916637e+000 4.71468968e+000 4.71720198e+000 4.71214735e+000 4.70548930e+000 4.69885129e+000 4.71677537e+000
 4.58447329e+000 4.57676363e+000 4.54446063e+000 4.57602202e+000 4.58654295e+000 4.62507544e+000 4.59690607e+000 4.56632542e+000 4.60555345e+000 4.58251434e+000 4.57772736e+000 4.59256940e+000 4.58897019e+000 4.62728597e+000 4.57574476e+000 4.60186051e+000 4.59191578e+000 4.58594007e+000
 2.20861861e+000 2.20085550e+000 2.09643956e+000 2.24519199e+000 2.20795361e+000 2.29239982e+000 2.10493781e+000 1.75348353e+000 2.09490604e+000 2.19594861e+000 2.24130610e+000 2.13968148e+000 2.16781830e+000 1.98654241e+000 2.19365529e+000 2.34375925e+000 2.13893541e+000 2.21612394e+000
 4.41128367e+000 4.39672195e+000 4.33280964e+000 4.39912939e+000 4.41108287e+000 4.37538193e+000 4.43320874e+000 4.43501613e+000 4.45411698e+000 4.40539247e+000 4.40213036e+000 4.42423287e+000 4.42507512e+000 4.37029592e+000 4.41920042e+000 4.37014637e+000 4.42281089e+000 4.40756899e+000
 2.13363511e+000 2.14403169e+000 2.34174747e+000 2.00330609e+000 2.14943451e+000 1.91062347e+000 2.38011356e+000 1.91815491e+000 2.41683132e+000 2.12868927e+000 2.03669716e+000 2.24790600e+000 2.15255276e+000 2.39156660e+000 2.09893094e+000 1.84279384e+000 2.28556805e+000 2.12986236e+000
 3.35553648e+000 3.11631695e+000 3.16812278e+000 3.39164291e+000 3.35228305e+000 3.41350867e+000 3.28895041e+000 3.36905292e+000 3.28880176e+000 3.36083780e+000 3.38737032e+000 3.31365495e+000 3.45880478e+000 3.23463601e+000 3.36668530e+000 3.42313929e+000 3.30526468e+000 3.36520295e+000
 3.96551439e+000 3.99393717e+000 4.07319789e+000 4.03315933e+000 3.98269494e+000 4.00425403e+000 3.87713763e+000 4.00335735e+000 3.97834163e+000 3.97897288e+000 3.86724186e+000 3.99079283e+000 3.93615032e+000 3.98116818e+000 4.04798390e+000 4.03941716e+000 3.92898747e+000 3.98608021e+000
 4.48717044e+000 4.46067895e+000 4.48141885e+000 4.42087843e+000 4.44062501e+000 4.43913063e+000 4.37320831e+000 4.42295392e+000 4.45733021e+000 4.45811051e+000 4.46385940e+000 4.43280978e+000 4.39612164e+000 4.45022953e+000 4.45869805e+000 4.41650281e+000 4.47959911e+000 4.48153725e+000
 3.63759615e+000 3.65874579e+000 3.86417484e+000 3.66793830e+000 3.69985720e+000 3.66886012e+000 3.64653517e+000 3.65950915e+000 3.61176924e+000 3.62424650e+000 3.65857313e+000 3.64474934e+000 3.64950286e+000 3.62025260e+000 3.66157079e+000 3.68659145e+000 3.64326981e+000 3.65682715e+000
 4.43659796e+000 4.42695613e+000 4.39842285e+000 4.41333688e+000 4.43861681e+000 4.40529938e+000 4.42369435e+000 4.37911794e+000 4.49200559e+000 4.43385445e+000 4.41505470e+000 4.45745726e+000 4.44681849e+000 4.38765258e+000 4.43144037e+000 4.38758091e+000 4.44601676e+000 4.43871899e+000
 1.82642507e+000 1.85921865e+000 2.39533059e+000 1.81651516e+000 1.82962005e+000 1.84992861e+000 1.82319686e+000 1.91425642e+000 1.82800004e+000 1.83944438e+000 1.82809934e+000 1.82578367e+000 1.82414360e+000 1.90129464e+000 1.85667338e+000 1.83412366e+000 1.83103672e+000 1.84076523e+000
 5.00000000e+000 5.00000000e+000 5.00000000e+000 5.00000000e+000 5.00000000e+000 5.00000000e+000 5.00000000e+000 5.00000000e+000 5.00000000e+000 5.00000000e+000 5.00000000e+000 5.00000000e+000 5.00000000e+000 5.00000000e+000 5.00000000e+000 5.00000000e+000 5.00000000e+000 5.00000000e+000
 4.91098853e+000 4.89416138e+000 4.90013708e+000 4.90577176e+000 4.90202592e+000 4.90360975e+000 4.91002612e+000 4.90470710e+000 4.89469870e+000 4.90991105e+000 4.90459859e+000 4.90085404e+000 4.90207903e+000 4.90223283e+000 4.90193831e+000 4.91298397e+000 4.90336196e+000 4.91340476e+000
 4.90007362e+000 4.90062943e+000 4.90477308e+000 4.90918844e+000 4.89943487e+000 4.90389675e+000 4.90845642e+000 4.90597218e+000 4.91300786e+000 4.90588947e+000 4.90529925e+000 4.90470093e+000 4.90527021e+000 4.89774823e+000 4.90590937e+000 4.89367627e+000 4.90489958e+000 4.90376764e+000
 4.28189231e+000 4.28888690e+000 4.34459481e+000 4.24910818e+000 4.28564519e+000 4.25365083e+000 4.33231616e+000 4.30409669e+000 4.35101308e+000 4.28412645e+000 4.26512234e+000 4.31370502e+000 4.28688135e+000 4.37547651e+000 4.28779527e+000 4.23669351e+000 4.31643247e+000 4.28304241e+000
 3.60077745e+000 3.61750727e+000 3.58202855e+000 3.53641839e+000 3.59958021e+000 3.63227514e+000 3.56614994e+000 3.56000230e+000 3.60265131e+000 3.59952699e+000 3.58270985e+000 3.60263907e+000 3.59019295e+000 3.80252413e+000 3.58913166e+000 3.63479678e+000 3.58979292e+000 3.60788761e+000
 4.58554850e+000 4.58526981e+000 4.49391699e+000 4.58537107e+000 4.58593208e+000 4.58530010e+000 4.58551342e+000 4.58512296e+000 4.58551981e+000 4.58526324e+000 4.58568505e+000 4.58548945e+000 4.58560654e+000 4.58447831e+000 4.58569338e+000 4.58535491e+000 4.58577669e+000 4.58548919e+000
 3.32838174e+000 3.10018485e+000 3.21929122e+000 3.32464050e+000 3.33500744e+000 3.30724477e+000 3.33910393e+000 3.29436881e+000 3.35868262e+000 3.33441623e+000 3.34163721e+000 3.33385456e+000 3.44560579e+000 3.28810602e+000 3.32562610e+000 3.30974303e+000 3.33776559e+000 3.33843781e+000
 3.39084651e+000 3.38259214e+000 3.06938278e+000 3.41202157e+000 3.38855315e+000 3.40970207e+000 3.35327827e+000 3.38113468e+000 3.34327988e+000 3.38807234e+000 3.40188676e+000 3.36907408e+000 3.38879330e+000 3.31508373e+000 3.38802766e+000 3.42040409e+000 3.36595643e+000 3.38944504e+000
 4.15637852e+000 4.16408583e+000 4.18557870e+000 4.17472158e+000 4.16103730e+000 4.16688341e+000 4.13241367e+000 4.16664027e+000 4.15985683e+000 4.16002801e+000 4.12973027e+000 4.28796113e+000 4.14841596e+000 4.16062330e+000 4.17874151e+000 4.17641849e+000 4.14647362e+000 4.16195529e+000
 4.24056127e+000 4.24793406e+000 4.30504816e+000 4.20583283e+000 4.24449222e+000 4.20894630e+000 4.29457279e+000 4.25943527e+000 4.31418450e+000 4.24258480e+000 4.22236716e+000 4.27418970e+000 4.24581991e+000 4.33770829e+000 4.24586725e+000 4.19053235e+000 4.27751223e+000 4.24147589e+000
 3.92663562e+000 3.92605192e+000 4.04780399e+000 3.92409367e+000 3.88615527e+000 3.94736905e+000 3.83620488e+000 3.88553526e+000 3.84305353e+000 3.90639057e+000 3.91849782e+000 3.97186675e+000 3.90807303e+000 3.89909047e+000 3.90824604e+000 3.97167669e+000 3.91181932e+000 3.94588469e+000
 4.05366201e+000 4.04397350e+000 4.05155854e+000 4.02941757e+000 4.03663933e+000 4.03609281e+000 4.01198356e+000 4.03017662e+000 4.04274879e+000 4.04303416e+000 3.84336468e+000 4.03378113e+000 4.02036347e+000 4.04015191e+000 4.04324904e+000 4.02781731e+000 4.05089302e+000 4.05160184e+000
 4.48695349e+000 4.49322859e+000 4.53412732e+000 4.46373877e+000 4.48966146e+000 4.47535577e+000 4.51929332e+000 4.52521525e+000 4.53566156e+000 4.48963192e+000 4.47715312e+000 4.51068126e+000 4.49057554e+000 4.56077893e+000 4.49551552e+000 4.46317424e+000 4.51030110e+000 4.48872695e+000
 4.72730945e+000 4.71042842e+000 4.68678455e+000 4.73232913e+000 4.72505974e+000 4.71903195e+000 4.73207504e+000 4.67655290e+000 4.73046163e+000 4.71778067e+000 4.72821053e+000 4.73048502e+000 4.72310061e+000 4.71103098e+000 4.70552206e+000 4.73536147e+000 4.72501566e+000 4.71601227e+000
 3.59579176e+000 3.59021980e+000 3.30536697e+000 3.61348207e+000 3.60052205e+000 3.60215103e+000 3.57667388e+000 3.57987293e+000 3.56384361e+000 3.59221107e+000 3.60341731e+000 3.58259424e+000 3.59712107e+000 3.53887655e+000 3.59414593e+000 3.61031532e+000 3.58274001e+000 3.59642191e+000
 2.22462541e+000 2.24140667e+000 2.72340510e+000 2.22057004e+000 2.25540041e+000 2.23662110e+000 2.24671403e+000 2.25586359e+000 2.24554721e+000 2.21749512e+000 2.23339341e+000 2.24385806e+000 2.22926465e+000 2.28233509e+000 2.23954605e+000 2.23635373e+000 2.24558025e+000 2.23518629e+000
 3.94472655e+000 3.94460851e+000 3.95011761e+000 3.89641356e+000 3.94944001e+000 3.85390817e+000 4.02547328e+000 3.82868823e+000 4.03898008e+000 3.94082869e+000 3.90735993e+000 3.98202259e+000 3.95139435e+000 3.99916787e+000 3.92659525e+000 3.82542010e+000 3.99712303e+000 3.94217882e+000
 4.63741750e+000 4.63987952e+000 4.57666497e+000 4.64386913e+000 4.63721099e+000 4.64634739e+000 4.64098177e+000 4.65363498e+000 4.62161917e+000 4.63786412e+000 4.64374301e+000 4.63117184e+000 4.63457878e+000 4.65024801e+000 4.63901718e+000 4.65153814e+000 4.63450443e+000 4.63684644e+000
 3.73927402e+000 3.72827082e+000 3.46132229e+000 3.74054103e+000 3.73846630e+000 3.73154220e+000 3.73536325e+000 3.72144592e+000 3.73177180e+000 3.73628359e+000 3.73842582e+000 3.73410623e+000 3.74108187e+000 3.70228011e+000 3.73526363e+000 3.73236435e+000 3.73422662e+000 3.73739601e+000
 4.00179168e+000 4.00675750e+000 3.98255655e+000 3.98899743e+000 3.99456276e+000 3.94877679e+000 4.03820886e+000 3.82839666e+000 4.04141545e+000 3.99545658e+000 3.97669910e+000 4.00500553e+000 4.00589182e+000 4.00099129e+000 3.97628455e+000 3.93393463e+000 4.02201635e+000 3.98718663e+000
 4.22387399e+000 4.27359122e+000 4.11216704e+000 4.21794671e+000 4.19159539e+000 4.23093857e+000 4.16086078e+000 4.16627403e+000 4.15291348e+000 4.19408026e+000 4.21029742e+000 4.18124258e+000 4.15365250e+000 4.15015454e+000 4.19434577e+000 4.22243681e+000 4.16733010e+000 4.18973794e+000
 3.54138035e+000 3.52944111e+000 3.59574834e+000 3.49953179e+000 3.56845407e+000 3.46162906e+000 3.65553485e+000 3.69333868e+000 3.67699794e+000 3.56566114e+000 3.51576563e+000 3.60754804e+000 3.58074011e+000 3.70972849e+000 3.58424261e+000 3.42300149e+000 3.62878927e+000 3.56370288e+000
 4.00599688e+000 4.00234194e+000 4.12827522e+000 4.04036033e+000 4.02290298e+000 4.02141835e+000 3.93455860e+000 4.02726448e+000 3.98627861e+000 3.99876720e+000 4.01355537e+000 3.98169305e+000 4.00218804e+000 4.00851150e+000 4.01136242e+000 4.04327351e+000 3.97341614e+000 3.99201716e+000
 3.03031311e+000 3.04522415e+000 3.26247449e+000 3.08436762e+000 3.03024631e+000 3.16854215e+000 2.91574064e+000 3.10695150e+000 2.87635771e+000 3.02505799e+000 3.08205781e+000 2.96140909e+000 3.00339913e+000 2.92857905e+000 3.05591278e+000 3.21789972e+000 2.94088382e+000 3.04736451e+000
 2.53605279e+000 2.56513196e+000 2.02887254e+000 2.56446390e+000 2.54091541e+000 2.56440594e+000 2.51042467e+000 2.51903202e+000 2.55120423e+000 2.52571240e+000 2.55571788e+000 2.49550568e+000 2.52114637e+000 2.40528927e+000 2.52241684e+000 2.56907753e+000 2.49561794e+000 2.53237853e+000
 3.61352379e+000 3.60979973e+000 3.62394517e+000 3.59723052e+000 3.62783460e+000 3.55323779e+000 3.68144453e+000 3.39011653e+000 3.68282261e+000 3.61203123e+000 3.57495047e+000 3.63944177e+000 3.61340553e+000 3.62374459e+000 3.57391342e+000 3.52942113e+000 3.65219599e+000 3.61311094e+000
 4.24416563e+000 4.32573969e+000 4.17590407e+000 4.26997553e+000 4.25980589e+000 4.28645828e+000 4.21356812e+000 4.23097125e+000 4.21727702e+000 4.25160463e+000 4.27416140e+000 4.23572381e+000 4.21579664e+000 4.20902619e+000 4.24782823e+000 4.29006460e+000 4.21814459e+000 4.25821292e+000
 2.96343667e+000 2.95975048e+000 3.06126541e+000 2.90974765e+000 2.98602704e+000 2.87899780e+000 3.13495388e+000 3.19299936e+000 3.14158400e+000 2.99120563e+000 2.94580682e+000 3.06909549e+000 3.04611684e+000 3.22720324e+000 3.01793310e+000 2.83324841e+000 3.07311069e+000 2.97943533e+000
 1.67639070e+000 1.61946983e+000 2.13151185e+000 1.67707101e+000 1.55694694e+000 1.67700392e+000 1.49407004e+000 1.63219551e+000 1.51415214e+000 1.63522003e+000 1.70255139e+000 1.58569435e+000 1.60496648e+000 1.57261173e+000 1.64567741e+000 1.79145241e+000 1.52771935e+000 1.62421862e+000
 2.82818288e+000 2.85506402e+000 3.06449343e+000 2.91725006e+000 2.83510209e+000 2.99981782e+000 2.66343219e+000 2.91824538e+000 2.63438086e+000 2.83511252e+000 2.89616752e+000 2.75424757e+000 2.82067135e+000 2.66628125e+000 2.85011956e+000 3.05945469e+000 2.71915030e+000 2.82699300e+000
 2.41899747e+000 2.43077290e+000 1.88574503e+000 2.45041497e+000 2.40987458e+000 2.43334805e+000 2.38364094e+000 2.39133224e+000 2.42050980e+000 2.41282274e+000 2.43179368e+000 2.38870450e+000 2.39469209e+000 2.28379279e+000 2.40514377e+000 2.45197321e+000 2.37803709e+000 2.40655342e+000
 2.27969781e+000 2.25978075e+000 1.73898155e+000 2.33189400e+000 2.27037547e+000 2.29440015e+000 2.19597352e+000 2.25367606e+000 2.18844145e+000 2.27406936e+000 2.30037970e+000 2.23316700e+000 2.28560032e+000 2.11371768e+000 2.27561302e+000 2.32560359e+000 2.22743277e+000 2.27353858e+000
 2.13569342e+000 2.11106571e+000 1.57163276e+000 2.19497226e+000 2.12381697e+000 2.15033100e+000 2.05926584e+000 2.08024327e+000 2.04359257e+000 2.11763277e+000 2.15365169e+000 2.11050585e+000 2.14700144e+000 1.96621764e+000 2.12374959e+000 2.17582950e+000 2.10439100e+000 2.12250241e+000
 9.86861281e-001 7.64379202e-001 1.26934668e+000 8.71016116e-001 8.54724798e-001 8.03009664e-001 6.64936177e-001 1.06494194e+000 6.83456140e-001 6.68238748e-001 4.40312606e-001 5.27557207e-001 7.90522979e-001 7.49299522e-001 6.31033803e-001 1.09317927e+000 9.73723064e-001 9.67865918e-001
 1.12641518e+000 1.14976338e+000 1.78585194e+000 1.13472177e+000 1.12276459e+000 1.20339780e+000 1.09140908e+000 1.18505847e+000 1.07159682e+000 1.13340671e+000 1.14198277e+000 1.11952302e+000 1.10973200e+000 1.14226821e+000 1.14294316e+000 1.22029992e+000 1.09353629e+000 1.12832205e+000
 2.26696309e+000 2.29700400e+000 2.70600108e+000 2.26671915e+000 2.34276439e+000 2.32288425e+000 2.46423341e+000 2.46709028e+000 2.43125486e+000 2.38721900e+000 2.46768743e+000 2.20884448e+000 2.49342604e+000 2.42708853e+000 2.35743427e+000 2.28493447e+000 2.22687579e+000 2.19622354e+000
 4.78883122e+000 4.77314501e+000 4.80460691e+000 4.78147477e+000 4.77773557e+000 4.77772749e+000 4.76863015e+000 4.78961539e+000 4.79356230e+000 4.77412318e+000 4.78416950e+000 4.79758260e+000 4.77414026e+000 4.79977576e+000 4.77471779e+000 4.79998885e+000 4.76118623e+000 4.77692053e+000
 4.41158878e+000 4.43819651e+000 4.34797107e+000 4.40788683e+000 4.42643710e+000 4.41813673e+000 4.45462629e+000 4.41904597e+000 4.44621200e+000 4.38867973e+000 4.46652179e+000 4.40230866e+000 4.44504308e+000 4.42364324e+000 4.41595782e+000 4.39882567e+000 4.45826725e+000 4.38148038e+000
