 4.76167602e+000 4.76588582e+000 4.74215846e+000 4.76402459e+000 4.76229634e+000 4.76309624e+000 4.72173918e+000 4.75988456e+000 4.76316692e+000 4.77032802e+000 4.76434222e+000 4.76219588e+000 4.76578708e+000 4.77233206e+000 4.76211697e+000 4.76672941e+000 4.74498889e+000 4.77095643e+000
 4.74795392e+000 4.74593336e+000 4.72637805e+000 4.74282876e+000 4.74773162e+000 4.77468372e+000 4.74887430e+000 4.74516993e+000 4.74451758e+000 4.73973130e+000 4.74488658e+000 4.74295190e+000 4.73559672e+000 4.77612749e+000 4.73911136e+000 4.77307992e+000 4.74490363e+000 4.74570912e+000
 2.55247287e+000 2.56507932e+000 2.41068219e+000 2.58593481e+000 2.55450895e+000 2.58622650e+000 2.50275347e+000 2.10455142e+000 2.59362932e+000 2.53757682e+000 2.56252666e+000 2.52006840e+000 2.55058061e+000 2.31801156e+000 2.49614420e+000 2.63099661e+000 2.53184700e+000 2.54392296e+000
 4.46757723e+000 4.46806297e+000 4.40306850e+000 4.46091836e+000 4.46790179e+000 4.45279349e+000 4.48207312e+000 4.47323734e+000 4.46386371e+000 4.46705661e+000 4.45649567e+000 4.48788175e+000 4.47711324e+000 4.51160150e+000 4.46924285e+000 4.44615495e+000 4.47391218e+000 4.47718426e+000
 1.89595309e+000 1.90920238e+000 2.26068395e+000 1.81913654e+000 1.88577552e+000 1.81610896e+000 1.98598752e+000 1.75914551e+000 1.90800411e+000 1.88886747e+000 1.83876161e+000 1.94305666e+000 1.89368494e+000 2.34839178e+000 1.86880086e+000 1.76678902e+000 1.98069490e+000 1.88364748e+000
 3.39497980e+000 3.21354296e+000 3.19352957e+000 3.42651956e+000 3.40554802e+000 3.41722554e+000 3.37100392e+000 3.43336688e+000 3.40405810e+000 3.40768314e+000 3.41496946e+000 3.38754729e+000 3.52197874e+000 3.23624914e+000 3.40189926e+000 3.43751767e+000 3.37570840e+000 3.40299341e+000
 3.93546472e+000 4.00596436e+000 4.12767590e+000 4.05569842e+000 4.02063513e+000 4.06458975e+000 4.06268538e+000 4.04050321e+000 4.10572995e+000 4.12901659e+000 4.07306266e+000 3.97541492e+000 4.01728159e+000 3.96543813e+000 4.01074363e+000 4.06617202e+000 3.98324992e+000 4.01609367e+000
 4.43904237e+000 4.40968543e+000 4.40409359e+000 4.40020370e+000 4.40694844e+000 4.43607727e+000 4.39756228e+000 4.37658068e+000 4.34670359e+000 4.42728352e+000 4.41843519e+000 4.46548475e+000 4.45778880e+000 4.38143492e+000 4.37237520e+000 4.40108869e+000 4.45417375e+000 4.45255502e+000
 4.56184168e+000 4.56644005e+000 4.53091140e+000 4.57836365e+000 4.60340662e+000 4.57384787e+000 4.56202209e+000 4.57193069e+000 4.55188995e+000 4.52490114e+000 4.57267303e+000 4.56637622e+000 4.57023833e+000 4.51527475e+000 4.57062977e+000 4.57479338e+000 4.56340268e+000 4.56775827e+000
 4.55988298e+000 4.55838123e+000 4.56255860e+000 4.54350754e+000 4.55824315e+000 4.55457672e+000 4.54167281e+000 4.51952512e+000 4.56454395e+000 4.56231811e+000 4.53746780e+000 4.57701423e+000 4.56859034e+000 4.60688419e+000 4.55167618e+000 4.54209946e+000 4.55652340e+000 4.56103507e+000
 1.92231969e+000 1.96726467e+000 2.48025336e+000 1.95029866e+000 1.95111075e+000 1.95352745e+000 1.95101524e+000 1.97828948e+000 1.96982384e+000 1.92030966e+000 1.92560899e+000 1.94927186e+000 1.94328361e+000 2.00727299e+000 1.95593561e+000 1.99059632e+000 1.99798552e+000 1.92973732e+000
 5.00000000e+000 5.00000000e+000 5.00000000e+000 5.00000000e+000 5.00000000e+000 5.00000000e+000 5.00000000e+000 5.00000000e+000 5.00000000e+000 5.00000000e+000 5.00000000e+000 5.00000000e+000 5.00000000e+000 5.00000000e+000 5.00000000e+000 5.00000000e+000 5.00000000e+000 5.00000000e+000
 4.87174608e+000 4.87257886e+000 4.87425495e+000 4.87051837e+000 4.88332169e+000 4.87819052e+000 4.87874179e+000 4.87396323e+000 4.87755613e+000 4.87543272e+000 4.87671895e+000 4.86839822e+000 4.89232582e+000 4.87395688e+000 4.87143054e+000 4.88195945e+000 4.87474971e+000 4.87275656e+000
 4.88979610e+000 4.89121098e+000 4.88283660e+000 4.88712274e+000 4.89038617e+000 4.90413904e+000 4.88556058e+000 4.89169684e+000 4.89515345e+000 4.88945846e+000 4.89375263e+000 4.89881030e+000 4.88842618e+000 4.90154792e+000 4.89283025e+000 4.89410844e+000 4.89004813e+000 4.89571794e+000
 4.17038934e+000 4.17597101e+000 4.28370798e+000 4.14811993e+000 4.16821812e+000 4.16009240e+000 4.18790370e+000 4.17034160e+000 4.17442476e+000 4.16977983e+000 4.15956950e+000 4.18081156e+000 4.16685851e+000 4.30300721e+000 4.17259825e+000 4.15076254e+000 4.18568628e+000 4.16961089e+000
 3.88847094e+000 3.91429146e+000 4.02110501e+000 3.85174908e+000 3.89343983e+000 3.92363680e+000 3.85312354e+000 3.86902043e+000 3.90094135e+000 3.89173417e+000 3.90609192e+000 3.87089190e+000 3.87327033e+000 4.06052198e+000 3.87895573e+000 3.93696357e+000 3.87588277e+000 3.89253912e+000
 4.58071552e+000 4.58076650e+000 4.48839050e+000 4.58095491e+000 4.58081418e+000 4.58082350e+000 4.58127020e+000 4.58079387e+000 4.58111944e+000 4.58100322e+000 4.58060873e+000 4.58100363e+000 4.58141041e+000 4.58024171e+000 4.58094986e+000 4.58070078e+000 4.58107284e+000 4.58106868e+000
 3.48426605e+000 3.30929691e+000 3.42768374e+000 3.49243990e+000 3.49957586e+000 3.48740226e+000 3.50035826e+000 3.47672513e+000 3.49869220e+000 3.48532625e+000 3.47357537e+000 3.50050923e+000 3.61669747e+000 3.51590940e+000 3.48910028e+000 3.47156803e+000 3.49760331e+000 3.48818451e+000
 3.38228274e+000 3.37628164e+000 3.04189183e+000 3.39791150e+000 3.38326648e+000 3.38928406e+000 3.36909995e+000 3.38635214e+000 3.38270587e+000 3.38239504e+000 3.38976539e+000 3.37563763e+000 3.38686585e+000 3.28487504e+000 3.38094049e+000 3.39540955e+000 3.36935453e+000 3.38208968e+000
 4.23573500e+000 4.25493852e+000 4.28809174e+000 4.26848567e+000 4.25893471e+000 4.27090760e+000 4.27038886e+000 4.26434662e+000 4.28211384e+000 4.28845693e+000 4.27321554e+000 4.37469227e+000 4.25802123e+000 4.24389950e+000 4.25624035e+000 4.27133859e+000 4.24875129e+000 4.25769766e+000
 4.12245573e+000 4.12846778e+000 4.24118079e+000 4.09886780e+000 4.11995181e+000 4.11091254e+000 4.14148138e+000 4.12012710e+000 4.12687728e+000 4.12156486e+000 4.11063530e+000 4.13387395e+000 4.11876878e+000 4.26271002e+000 4.12423713e+000 4.10068733e+000 4.13904023e+000 4.12117744e+000
 4.53868334e+000 4.55002721e+000 4.53554673e+000 4.53870226e+000 4.52506591e+000 4.59150241e+000 4.53780976e+000 4.52483314e+000 4.53951893e+000 4.53830134e+000 4.51609383e+000 4.50307065e+000 4.56284481e+000 4.51397925e+000 4.54381361e+000 4.50072517e+000 4.50150799e+000 4.52777849e+000
 4.01184359e+000 4.00115209e+000 3.99911559e+000 3.99769893e+000 4.00015530e+000 4.01076374e+000 3.99673695e+000 3.98909566e+000 3.97821471e+000 4.00756114e+000 3.80402335e+000 4.02147365e+000 4.01867086e+000 3.99086352e+000 3.98756406e+000 3.99802124e+000 4.01735430e+000 4.01676477e+000
 4.39935588e+000 4.40436074e+000 4.48321443e+000 4.38342256e+000 4.39819159e+000 4.39610244e+000 4.40967306e+000 4.41092916e+000 4.40282982e+000 4.39943430e+000 4.39333445e+000 4.40639833e+000 4.39636125e+000 4.49552755e+000 4.40419056e+000 4.39099327e+000 4.40802931e+000 4.39965029e+000
 4.65986204e+000 4.63009901e+000 4.58584193e+000 4.63541236e+000 4.63901228e+000 4.64148764e+000 4.63823516e+000 4.62323362e+000 4.61576473e+000 4.66114340e+000 4.65896722e+000 4.63716075e+000 4.63758426e+000 4.61711372e+000 4.63833830e+000 4.61534021e+000 4.60051971e+000 4.65553268e+000
 3.50826764e+000 3.50320988e+000 3.19136933e+000 3.52021127e+000 3.51136266e+000 3.50858399e+000 3.50139516e+000 3.50512642e+000 3.50698746e+000 3.50512458e+000 3.51272569e+000 3.50540205e+000 3.51275842e+000 3.44127828e+000 3.50583412e+000 3.51037009e+000 3.50212956e+000 3.50790892e+000
 2.59663714e+000 2.60197586e+000 3.01823237e+000 2.58606461e+000 2.61830476e+000 2.60031267e+000 2.60606757e+000 2.60192726e+000 2.58908413e+000 2.57783956e+000 2.59966161e+000 2.59986279e+000 2.59469985e+000 2.66306076e+000 2.60397603e+000 2.60077811e+000 2.60501098e+000 2.60034261e+000
 3.89233602e+000 3.89360032e+000 3.94838686e+000 3.86035832e+000 3.88578384e+000 3.85725343e+000 3.92499555e+000 3.81768895e+000 3.89544647e+000 3.88885952e+000 3.86621682e+000 3.91092827e+000 3.89346470e+000 4.03265460e+000 3.87463070e+000 3.83294387e+000 3.92493021e+000 3.88678293e+000
 4.61096107e+000 4.61186832e+000 4.53913833e+000 4.61644778e+000 4.61184641e+000 4.61294189e+000 4.61709195e+000 4.62293136e+000 4.61030903e+000 4.61099441e+000 4.61752034e+000 4.60676968e+000 4.60962059e+000 4.59771894e+000 4.61393659e+000 4.61626526e+000 4.61274019e+000 4.61144106e+000
 3.75881949e+000 3.75233294e+000 3.48956256e+000 3.76243075e+000 3.75681361e+000 3.75283423e+000 3.75928941e+000 3.75168623e+000 3.75982684e+000 3.75683974e+000 3.75689823e+000 3.75876130e+000 3.76418755e+000 3.73447725e+000 3.75551941e+000 3.75115100e+000 3.75579083e+000 3.75627338e+000
 4.02692360e+000 4.01077622e+000 4.05357253e+000 3.99715235e+000 4.01891685e+000 4.00469328e+000 4.04752100e+000 3.91898829e+000 4.01925961e+000 4.02682018e+000 4.00434677e+000 4.03774684e+000 4.02648219e+000 4.11553588e+000 3.98710119e+000 3.99191978e+000 4.04143888e+000 4.01565556e+000
 4.21494967e+000 4.24553489e+000 4.07974989e+000 4.23710257e+000 4.22176738e+000 4.21951262e+000 4.21073242e+000 4.24138964e+000 4.19816293e+000 4.21057661e+000 4.22834224e+000 4.22119826e+000 4.20550938e+000 4.11436764e+000 4.21027317e+000 4.24706809e+000 4.22625275e+000 4.22662168e+000
 3.57386090e+000 3.57438226e+000 3.65147016e+000 3.54898133e+000 3.56928238e+000 3.55376244e+000 3.61438818e+000 3.63901358e+000 3.57676733e+000 3.58829280e+000 3.55906693e+000 3.60794129e+000 3.58385391e+000 3.78015195e+000 3.59805317e+000 3.50907460e+000 3.60001778e+000 3.57651357e+000
 4.19627782e+000 4.20371364e+000 4.31365509e+000 4.21011324e+000 4.20915971e+000 4.22266392e+000 4.17335956e+000 4.21925401e+000 4.20374915e+000 4.18548748e+000 4.22792135e+000 4.22303486e+000 4.20017867e+000 4.16113400e+000 4.21316456e+000 4.20905758e+000 4.19281825e+000 4.20256075e+000
 3.11917745e+000 3.12754184e+000 3.27899773e+000 3.16381849e+000 3.13966507e+000 3.19786886e+000 3.08500203e+000 3.15760880e+000 3.13472051e+000 3.13186538e+000 3.17291207e+000 3.09551841e+000 3.12054533e+000 2.89655278e+000 3.14369743e+000 3.24831119e+000 3.08563963e+000 3.12406630e+000
 2.58549204e+000 2.57101853e+000 2.14393902e+000 2.60045427e+000 2.58155484e+000 2.57632206e+000 2.56447403e+000 2.54770266e+000 2.66322284e+000 2.58006053e+000 2.58932921e+000 2.55366374e+000 2.57034791e+000 2.44834516e+000 2.56565686e+000 2.58438218e+000 2.55931173e+000 2.56382787e+000
 3.71100780e+000 3.71398775e+000 3.79047773e+000 3.68664969e+000 3.70059411e+000 3.68776734e+000 3.74304404e+000 3.58773521e+000 3.72629484e+000 3.70721546e+000 3.69070665e+000 3.73343231e+000 3.71533884e+000 3.84451063e+000 3.67591798e+000 3.66015774e+000 3.74422517e+000 3.70226173e+000
 4.17777978e+000 4.21213525e+000 4.03705420e+000 4.20838822e+000 4.20403141e+000 4.20472689e+000 4.16993416e+000 4.19315719e+000 4.17499593e+000 4.19146016e+000 4.18354495e+000 4.17977692e+000 4.16037580e+000 4.09360406e+000 4.18285438e+000 4.20110630e+000 4.17148522e+000 4.19242219e+000
 3.10600472e+000 3.09701354e+000 3.25489994e+000 3.07067200e+000 3.10379423e+000 3.06103552e+000 3.16021400e+000 3.19277119e+000 3.09610737e+000 3.11138088e+000 3.07762630e+000 3.13840452e+000 3.10790709e+000 3.37830542e+000 3.14159915e+000 3.01792884e+000 3.14363600e+000 3.10392985e+000
 1.78334988e+000 1.70734838e+000 2.17366795e+000 1.81579232e+000 1.70915352e+000 1.84490726e+000 1.75482337e+000 1.73251080e+000 1.75463965e+000 1.74336292e+000 1.77189963e+000 1.71269418e+000 1.70278075e+000 1.54559416e+000 1.75493122e+000 1.77788065e+000 1.70067445e+000 1.80391404e+000
 2.89527930e+000 2.90930259e+000 2.99191888e+000 2.94269447e+000 2.89678185e+000 2.97600746e+000 2.81459666e+000 2.97510884e+000 2.88751651e+000 2.89935448e+000 2.95127881e+000 2.85032897e+000 2.88548295e+000 2.59187527e+000 2.92449339e+000 3.02971613e+000 2.83766124e+000 2.89399058e+000
 2.42777733e+000 2.42474855e+000 1.93971371e+000 2.42740578e+000 2.42998308e+000 2.41961988e+000 2.40302079e+000 2.42141418e+000 2.49612940e+000 2.41214264e+000 2.42115487e+000 2.39935545e+000 2.41740187e+000 2.29970298e+000 2.41125843e+000 2.42394513e+000 2.40732480e+000 2.41819220e+000
 2.26345150e+000 2.24376360e+000 1.69788965e+000 2.29827335e+000 2.26333418e+000 2.27188553e+000 2.23355909e+000 2.28230635e+000 2.26684947e+000 2.26859630e+000 2.27762426e+000 2.25054125e+000 2.26913554e+000 2.06974098e+000 2.26069277e+000 2.27388379e+000 2.24091448e+000 2.26209745e+000
 2.12420974e+000 2.09695654e+000 1.54184008e+000 2.17059643e+000 2.15832183e+000 2.16106200e+000 2.11370858e+000 2.15218258e+000 2.13188454e+000 2.15109964e+000 2.16059520e+000 2.14014289e+000 2.15783282e+000 1.93617118e+000 2.14697297e+000 2.16399499e+000 2.11694913e+000 2.14812935e+000
 6.77043928e-001 5.45619360e-001 1.29199097e+000 7.69209142e-001 6.86504633e-001 6.39267580e-001 8.56810609e-001 6.59595324e-001 7.33681789e-001 6.42152831e-001 8.69944895e-001 7.79329033e-001 4.67988960e-001 7.13133414e-001 6.90491874e-001 8.17342928e-001 5.12848200e-001 7.38414397e-001
 1.24607895e+000 1.25738549e+000 1.87754293e+000 1.25089853e+000 1.24885184e+000 1.27029376e+000 1.22010707e+000 1.26893979e+000 1.22637552e+000 1.24197772e+000 1.26624366e+000 1.21745286e+000 1.23968888e+000 1.18366358e+000 1.25451103e+000 1.29004500e+000 1.22312481e+000 1.24970306e+000
 2.18184361e+000 2.17405342e+000 2.63706302e+000 2.19321023e+000 2.14361628e+000 2.28971769e+000 2.19140767e+000 2.17221322e+000 2.41335195e+000 2.11196591e+000 2.23663722e+000 2.11610275e+000 2.29035000e+000 2.30009656e+000 2.35896995e+000 2.14403834e+000 2.31520896e+000 2.26013003e+000
 4.63901560e+000 4.58886928e+000 4.61102196e+000 4.57097481e+000 4.58553503e+000 4.58671141e+000 4.58631087e+000 4.61210156e+000 4.58628149e+000 4.58974761e+000 4.57618244e+000 4.59554487e+000 4.59132446e+000 4.56460172e+000 4.56640826e+000 4.60909144e+000 4.55879684e+000 4.59549031e+000
 4.43500192e+000 4.44553635e+000 4.34057942e+000 4.40517450e+000 4.43033697e+000 4.44512359e+000 4.43221282e+000 4.39289186e+000 4.41692599e+000 4.43918336e+000 4.45264388e+000 4.43857897e+000 4.46047407e+000 4.45250245e+000 4.42937160e+000 4.42796881e+000 4.42922720e+000 4.45700465e+000
