 1.57197850e+000 1.57197850e+000 1.57197850e+000 1.57197850e+000 1.57197850e+000 1.57197850e+000 1.57197850e+000 1.57197850e+000 1.57197850e+000 1.57197850e+000 1.57197850e+000 2.19525514e+000 1.57197850e+000
 1.40954683e+000 1.40954683e+000 1.40954683e+000 1.40954683e+000 1.40954683e+000 1.40954683e+000 1.40954683e+000 1.40954683e+000 1.40954683e+000 1.40954683e+000 2.06235650e+000 1.40954683e+000 1.40954683e+000
 7.59941808e-001 7.59941808e-001 7.59941808e-001 7.59941808e-001 7.59941808e-001 7.59941808e-001 7.59941808e-001 7.59941808e-001 7.59941808e-001 1.53086148e+000 7.59941808e-001 7.59941808e-001 7.59941808e-001
 1.54178510e+000 1.54178510e+000 1.54178510e+000 1.54178510e+000 1.54178510e+000 1.54178510e+000 1.54178510e+000 1.54178510e+000 2.17055144e+000 1.54178510e+000 1.54178510e+000 1.54178510e+000 1.54178510e+000
 6.95322749e-001 6.95322749e-001 6.95322749e-001 6.95322749e-001 6.95322749e-001 6.95322749e-001 6.95322749e-001 1.47799134e+000 6.95322749e-001 6.95322749e-001 6.95322749e-001 6.95322749e-001 6.95322749e-001
 1.12815672e+000 1.12815672e+000 1.12815672e+000 1.12815672e+000 1.12815672e+000 1.12815672e+000 1.83212823e+000 1.12815672e+000 1.12815672e+000 1.12815672e+000 1.12815672e+000 1.12815672e+000 1.12815672e+000
 1.08485190e+000 1.08485190e+000 1.08485190e+000 1.08485190e+000 1.08485190e+000 1.79669701e+000 1.08485190e+000 1.08485190e+000 1.08485190e+000 1.08485190e+000 1.08485190e+000 1.08485190e+000 1.08485190e+000
 1.26427741e+000 1.26427741e+000 1.26427741e+000 1.26427741e+000 1.94349970e+000 1.26427741e+000 1.26427741e+000 1.26427741e+000 1.26427741e+000 1.26427741e+000 1.26427741e+000 1.26427741e+000 1.26427741e+000
 1.28269872e+000 1.28269872e+000 1.28269872e+000 1.95857168e+000 1.28269872e+000 1.28269872e+000 1.28269872e+000 1.28269872e+000 1.28269872e+000 1.28269872e+000 1.28269872e+000 1.28269872e+000 1.28269872e+000
 1.15074506e+000 1.15074506e+000 1.85060959e+000 1.15074506e+000 1.15074506e+000 1.15074506e+000 1.15074506e+000 1.15074506e+000 1.15074506e+000 1.15074506e+000 1.15074506e+000 1.15074506e+000 1.15074506e+000
 5.82017089e-001 1.38528671e+000 5.82017089e-001 5.82017089e-001 5.82017089e-001 5.82017089e-001 5.82017089e-001 5.82017089e-001 5.82017089e-001 5.82017089e-001 5.82017089e-001 5.82017089e-001 5.82017089e-001
 2.00000000e+000 1.33333333e+000 1.33333333e+000 1.33333333e+000 1.33333333e+000 1.33333333e+000 1.33333333e+000 1.33333333e+000 1.33333333e+000 1.33333333e+000 1.33333333e+000 1.33333333e+000 1.33333333e+000
 5.00000000e+000 5.00000000e+000 5.00000000e+000 5.00000000e+000 5.00000000e+000 5.00000000e+000 5.00000000e+000 5.00000000e+000 5.00000000e+000 5.00000000e+000 5.00000000e+000 5.00000000e+000 5.00000000e+000
 5.00000000e+000 5.00000000e+000 5.00000000e+000 5.00000000e+000 5.00000000e+000 5.00000000e+000 5.00000000e+000 5.00000000e+000 5.00000000e+000 5.00000000e+000 5.00000000e+000 5.00000000e+000 5.00000000e+000
 5.00000000e+000 5.00000000e+000 5.00000000e+000 5.00000000e+000 5.00000000e+000 5.00000000e+000 5.00000000e+000 5.00000000e+000 5.00000000e+000 5.00000000e+000 5.00000000e+000 5.00000000e+000 5.00000000e+000
 5.00000000e+000 5.00000000e+000 5.00000000e+000 5.00000000e+000 5.00000000e+000 5.00000000e+000 5.00000000e+000 5.00000000e+000 5.00000000e+000 5.00000000e+000 5.00000000e+000 5.00000000e+000 5.00000000e+000
 5.00000000e+000 5.00000000e+000 5.00000000e+000 5.00000000e+000 5.00000000e+000 5.00000000e+000 5.00000000e+000 5.00000000e+000 5.00000000e+000 5.00000000e+000 5.00000000e+000 5.00000000e+000 5.00000000e+000
 5.00000000e+000 5.00000000e+000 5.00000000e+000 5.00000000e+000 5.00000000e+000 5.00000000e+000 5.00000000e+000 5.00000000e+000 5.00000000e+000 5.00000000e+000 5.00000000e+000 5.00000000e+000 5.00000000e+000
 5.00000000e+000 5.00000000e+000 5.00000000e+000 5.00000000e+000 5.00000000e+000 5.00000000e+000 5.00000000e+000 5.00000000e+000 5.00000000e+000 5.00000000e+000 5.00000000e+000 5.00000000e+000 5.00000000e+000
 5.00000000e+000 5.00000000e+000 5.00000000e+000 5.00000000e+000 5.00000000e+000 5.00000000e+000 5.00000000e+000 5.00000000e+000 5.00000000e+000 5.00000000e+000 5.00000000e+000 5.00000000e+000 5.00000000e+000
 5.00000000e+000 5.00000000e+000 5.00000000e+000 5.00000000e+000 5.00000000e+000 5.00000000e+000 5.00000000e+000 5.00000000e+000 5.00000000e+000 5.00000000e+000 5.00000000e+000 5.00000000e+000 5.00000000e+000
 5.00000000e+000 5.00000000e+000 5.00000000e+000 5.00000000e+000 5.00000000e+000 5.00000000e+000 5.00000000e+000 5.00000000e+000 5.00000000e+000 5.00000000e+000 5.00000000e+000 5.00000000e+000 5.00000000e+000
 5.00000000e+000 5.00000000e+000 5.00000000e+000 5.00000000e+000 5.00000000e+000 5.00000000e+000 5.00000000e+000 5.00000000e+000 5.00000000e+000 5.00000000e+000 5.00000000e+000 5.00000000e+000 5.00000000e+000
 5.00000000e+000 5.00000000e+000 5.00000000e+000 5.00000000e+000 5.00000000e+000 5.00000000e+000 5.00000000e+000 5.00000000e+000 5.00000000e+000 5.00000000e+000 5.00000000e+000 5.00000000e+000 5.00000000e+000
 5.00000000e+000 5.00000000e+000 5.00000000e+000 5.00000000e+000 5.00000000e+000 5.00000000e+000 5.00000000e+000 5.00000000e+000 5.00000000e+000 5.00000000e+000 5.00000000e+000 5.00000000e+000 5.00000000e+000
 5.00000000e+000 5.00000000e+000 5.00000000e+000 5.00000000e+000 5.00000000e+000 5.00000000e+000 5.00000000e+000 5.00000000e+000 5.00000000e+000 5.00000000e+000 5.00000000e+000 5.00000000e+000 5.00000000e+000
 5.00000000e+000 5.00000000e+000 5.00000000e+000 5.00000000e+000 5.00000000e+000 5.00000000e+000 5.00000000e+000 5.00000000e+000 5.00000000e+000 5.00000000e+000 5.00000000e+000 5.00000000e+000 5.00000000e+000
 5.00000000e+000 5.00000000e+000 5.00000000e+000 5.00000000e+000 5.00000000e+000 5.00000000e+000 5.00000000e+000 5.00000000e+000 5.00000000e+000 5.00000000e+000 5.00000000e+000 5.00000000e+000 5.00000000e+000
 5.00000000e+000 5.00000000e+000 5.00000000e+000 5.00000000e+000 5.00000000e+000 5.00000000e+000 5.00000000e+000 5.00000000e+000 5.00000000e+000 5.00000000e+000 5.00000000e+000 5.00000000e+000 5.00000000e+000
 5.00000000e+000 5.00000000e+000 5.00000000e+000 5.00000000e+000 5.00000000e+000 5.00000000e+000 5.00000000e+000 5.00000000e+000 5.00000000e+000 5.00000000e+000 5.00000000e+000 5.00000000e+000 5.00000000e+000
 4.87396501e+000 4.87921735e+000 4.87079237e+000 4.87570693e+000 4.87133470e+000 4.87379856e+000 4.87935610e+000 4.88232208e+000 4.87797257e+000 4.87641818e+000 4.87091043e+000 4.85617143e+000 4.87320419e+000
 4.84624561e+000 4.84067227e+000 4.82300457e+000 4.84477825e+000 4.84042088e+000 4.81896759e+000 4.81207796e+000 4.83586316e+000 4.83780401e+000 4.81712470e+000 4.81901041e+000 4.83468539e+000 4.81627863e+000
 4.85680945e+000 4.83660673e+000 4.84145441e+000 4.86631459e+000 4.84125856e+000 4.85077498e+000 4.84679174e+000 4.85272829e+000 4.85080592e+000 4.84056280e+000 4.85463112e+000 4.85723326e+000 4.86022134e+000
 4.87183498e+000 4.86884479e+000 4.88178994e+000 4.86755196e+000 4.86782443e+000 4.88568153e+000 4.86865702e+000 4.87365070e+000 4.87361706e+000 4.86027742e+000 4.86404361e+000 4.87738511e+000 4.86547188e+000
 4.82717673e+000 4.83682019e+000 4.83167930e+000 4.82826541e+000 4.81411662e+000 4.80919266e+000 4.84078162e+000 4.80539976e+000 4.82232111e+000 4.82524214e+000 4.82644380e+000 4.82572013e+000 4.82919633e+000
 4.70195173e+000 4.67173889e+000 4.71634176e+000 4.68628119e+000 4.71087168e+000 4.70794328e+000 4.69196446e+000 4.73142273e+000 4.70121327e+000 4.67389715e+000 4.69688082e+000 4.68822586e+000 4.68636301e+000
 4.90911350e+000 4.90443112e+000 4.91080182e+000 4.91845782e+000 4.91862312e+000 4.91087875e+000 4.91669985e+000 4.91899291e+000 4.92180728e+000 4.91209263e+000 4.91679729e+000 4.91863754e+000 4.91257910e+000
 4.85720082e+000 4.85025791e+000 4.84405935e+000 4.84701645e+000 4.86244536e+000 4.84335339e+000 4.86842921e+000 4.86036011e+000 4.85432627e+000 4.84937940e+000 4.85019327e+000 4.83919125e+000 4.86482434e+000
 4.88886875e+000 4.87663406e+000 4.88368691e+000 4.89025242e+000 4.87701739e+000 4.88109739e+000 4.88070759e+000 4.87670026e+000 4.89272823e+000 4.88022875e+000 4.89721419e+000 4.88512966e+000 4.89906423e+000
 4.74538390e+000 4.72656387e+000 4.74922760e+000 4.77435968e+000 4.74630265e+000 4.73295080e+000 4.73828699e+000 4.73568851e+000 4.76050721e+000 4.73210909e+000 4.74990182e+000 4.74973075e+000 4.77627953e+000
 4.70162526e+000 4.69934616e+000 4.70759428e+000 4.69449094e+000 4.67672537e+000 4.70141377e+000 4.69827416e+000 4.70743061e+000 4.73550258e+000 4.69441964e+000 4.70257701e+000 4.69828550e+000 4.68610662e+000
 4.72950518e+000 4.74961027e+000 4.75078858e+000 4.73088949e+000 4.76782358e+000 4.73189904e+000 4.76063339e+000 4.77868606e+000 4.76240711e+000 4.74314133e+000 4.75906418e+000 4.74636172e+000 4.74922032e+000
 4.67604399e+000 4.65358952e+000 4.66968943e+000 4.62930403e+000 4.67021294e+000 4.66081187e+000 4.67239347e+000 4.67208134e+000 4.67834615e+000 4.67987285e+000 4.65745348e+000 4.69670329e+000 4.67589693e+000
 4.41626546e+000 4.35399360e+000 4.38897083e+000 4.39124060e+000 4.34718025e+000 4.28748272e+000 4.36081012e+000 4.31187620e+000 4.40353289e+000 4.41703132e+000 4.41226529e+000 4.39022437e+000 4.40608284e+000
 2.45656088e+000 2.76538953e+000 2.79858760e+000 2.90067301e+000 2.75438618e+000 2.80222855e+000 2.67257494e+000 2.89700546e+000 2.55175278e+000 2.78982905e+000 2.69624449e+000 2.43415590e+000 2.62931538e+000
 4.68889064e+000 4.70597765e+000 4.68509916e+000 4.70107156e+000 4.69550592e+000 4.69511436e+000 4.69635988e+000 4.67036801e+000 4.68983083e+000 4.69531344e+000 4.73030110e+000 4.71136003e+000 4.68069591e+000
 3.21555485e+000 3.34433382e+000 3.41275791e+000 3.30287945e+000 3.31306620e+000 3.53999942e+000 3.21782695e+000 3.49027416e+000 3.43087100e+000 3.35540597e+000 3.50655199e+000 3.38089789e+000 3.38169591e+000
 4.64825384e+000 4.66454081e+000 4.65109043e+000 4.68182311e+000 4.63518399e+000 4.65913838e+000 4.66279291e+000 4.66903678e+000 4.70151417e+000 4.66574800e+000 4.66446369e+000 4.66765810e+000 4.66450567e+000
 4.79267212e+000 4.80892325e+000 4.78539157e+000 4.80866421e+000 4.80933352e+000 4.76696319e+000 4.78635886e+000 4.79192281e+000 4.77406855e+000 4.77570900e+000 4.78043657e+000 4.78541512e+000 4.78117100e+000
