 1.87785316e+000 1.18404275e+000 1.18404275e+000 1.18404275e+000 1.18404275e+000 1.18404275e+000 1.18404275e+000 1.18404275e+000 1.18404275e+000 1.18404275e+000 1.18404275e+000 1.18404275e+000 1.18404275e+000
 8.78895438e-001 1.62818718e+000 8.78895438e-001 8.78895438e-001 8.78895438e-001 8.78895438e-001 8.78895438e-001 8.78895438e-001 8.78895438e-001 8.78895438e-001 8.78895438e-001 8.78895438e-001 8.78895438e-001
 2.80618171e-001 2.80618171e-001 1.13868759e+000 2.80618171e-001 2.80618171e-001 2.80618171e-001 2.80618171e-001 2.80618171e-001 2.80618171e-001 2.80618171e-001 2.80618171e-001 2.80618171e-001 2.80618171e-001
 1.11807428e+000 1.11807428e+000 1.11807428e+000 1.82387895e+000 1.11807428e+000 1.11807428e+000 1.11807428e+000 1.11807428e+000 1.11807428e+000 1.11807428e+000 1.11807428e+000 1.11807428e+000 1.11807428e+000
 2.46747620e-001 2.46747620e-001 2.46747620e-001 2.46747620e-001 1.11097533e+000 2.46747620e-001 2.46747620e-001 2.46747620e-001 2.46747620e-001 2.46747620e-001 2.46747620e-001 2.46747620e-001 2.46747620e-001
 5.41465090e-001 5.41465090e-001 5.41465090e-001 5.41465090e-001 5.41465090e-001 1.35210780e+000 5.41465090e-001 5.41465090e-001 5.41465090e-001 5.41465090e-001 5.41465090e-001 5.41465090e-001 5.41465090e-001
 5.03236032e-001 5.03236032e-001 5.03236032e-001 5.03236032e-001 5.03236032e-001 5.03236032e-001 1.32082948e+000 5.03236032e-001 5.03236032e-001 5.03236032e-001 5.03236032e-001 5.03236032e-001 5.03236032e-001
 6.83124044e-001 6.83124044e-001 6.83124044e-001 6.83124044e-001 6.83124044e-001 6.83124044e-001 6.83124044e-001 1.46801058e+000 6.83124044e-001 6.83124044e-001 6.83124044e-001 6.83124044e-001 6.83124044e-001
 7.05007236e-001 7.05007236e-001 7.05007236e-001 7.05007236e-001 7.05007236e-001 7.05007236e-001 7.05007236e-001 7.05007236e-001 1.48591501e+000 7.05007236e-001 7.05007236e-001 7.05007236e-001 7.05007236e-001
 5.63060410e-001 5.63060410e-001 5.63060410e-001 5.63060410e-001 5.63060410e-001 5.63060410e-001 5.63060410e-001 5.63060410e-001 5.63060410e-001 1.36977670e+000 5.63060410e-001 5.63060410e-001 5.63060410e-001
 1.93324468e-001 1.93324468e-001 1.93324468e-001 1.93324468e-001 1.93324468e-001 1.93324468e-001 1.93324468e-001 1.93324468e-001 1.93324468e-001 1.93324468e-001 1.06726547e+000 1.93324468e-001 1.93324468e-001
 7.69230769e-001 7.69230769e-001 7.69230769e-001 7.69230769e-001 7.69230769e-001 7.69230769e-001 7.69230769e-001 7.69230769e-001 7.69230769e-001 7.69230769e-001 7.69230769e-001 1.53846154e+000 7.69230769e-001
 4.38597359e-001 4.09297860e-001 8.77346608e-001 4.99943156e-001 9.17013293e-009 7.81762094e-001 5.87162514e-001 6.19717004e-001 7.86394840e-001 8.11122007e-001 9.09090917e-001 7.86402682e-001 7.84469214e-001
 0.00000000e+000 3.53169099e-001 9.02299625e-001 5.97389232e-001 4.35268020e-001 8.33751687e-001 7.83980079e-001 7.90785451e-001 8.31778114e-001 8.56004052e-001 9.09090909e-001 8.32902549e-001 8.31907049e-001
 2.81424949e+000 2.68945342e+000 2.66326768e+000 2.79220658e+000 2.32852715e+000 2.66304469e+000 2.43072928e+000 2.40180386e+000 2.66361861e+000 2.66714282e+000 2.66421447e+000 2.66361944e+000 2.66338241e+000
 1.36271315e+000 1.45832351e+000 1.01752164e+000 1.31506023e+000 1.74160862e+000 1.19209184e+000 1.29746910e+000 1.26582509e+000 1.19139314e+000 1.22671682e+000 1.09980367e+000 1.20557464e+000 1.19101920e+000
 1.33452868e+000 1.35842557e+000 7.96168706e-001 1.32628270e+000 1.30391050e+000 8.26332012e-001 1.19755012e+000 1.17647048e+000 8.28199174e-001 5.83310447e-001 5.49186812e-001 8.24827728e-001 8.44801685e-001
 3.76498075e-001 3.58553497e-001 5.29996180e-001 4.42957079e-001 4.08861862e-001 1.20245286e+000 4.11061824e-001 4.20559797e-001 4.82533179e-001 5.05063294e-001 5.49178208e-001 4.82297095e-001 4.81114453e-001
 1.09268426e+000 1.15468270e+000 7.79391461e-001 1.00226574e+000 9.32353523e-001 7.47623709e-001 9.73264677e-001 9.39882671e-001 7.53441613e-001 7.16925459e-001 3.00167747e-001 7.59400306e-001 7.57424719e-001
 8.44078647e-001 8.64395840e-001 9.39631103e-001 8.68149321e-001 3.73269041e-002 5.50492424e-001 3.82084647e-002 7.72744355e-001 6.15552664e-001 3.93221151e-001 6.86953728e-001 5.70229604e-001 6.01268860e-001
 2.47490679e+000 2.54771427e+000 2.85566961e+000 2.74441505e+000 2.39167554e+000 2.85373562e+000 2.59567542e+000 2.56076133e+000 2.85511740e+000 2.86591635e+000 2.85636071e+000 2.85564595e+000 2.85386152e+000
 4.90805244e-001 5.01117571e-001 4.65731124e-001 4.81822469e-001 4.76829097e-001 4.63934456e-001 1.26487500e+000 4.77687159e-001 4.64506469e-001 4.60293556e-001 4.34847218e-001 4.64760667e-001 4.64875941e-001
 3.13111623e-001 3.09253564e-001 3.84092849e-001 3.29487533e-001 3.17422466e-001 2.95196905e-001 7.68932917e-001 -1.71304212e-001 2.92795997e-001 3.05516813e-001 2.47996184e-001 2.99931717e-001 3.08218755e-001
 2.32357444e+000 2.39026909e+000 2.61390743e+000 2.56611656e+000 2.10031224e+000 2.61534097e+000 2.40892948e+000 2.37460434e+000 2.61592452e+000 2.62752819e+000 2.61450270e+000 2.61630017e+000 2.61476625e+000
 6.61788231e-001 6.65900028e-001 6.58443216e-001 6.91573726e-001 6.62197792e-001 6.55926059e-001 6.21229531e-001 1.41736962e+000 6.63827634e-001 6.56231445e-001 6.44207395e-001 6.56684228e-001 6.56708093e-001
 1.56072726e+000 1.62842248e+000 1.46974364e+000 1.44000152e+000 1.55502622e+000 1.37051022e+000 1.54320167e+000 1.49730878e+000 1.54602134e+000 1.40341923e+000 8.79183030e-001 1.39826283e+000 1.39074835e+000
 6.44938376e-001 5.84237327e-001 7.26521919e-001 7.53191098e-001 6.50050496e-001 8.15502818e-001 6.60653167e-001 7.01804661e-001 1.38710327e+000 7.85993772e-001 1.25606747e+000 7.90617511e-001 7.97355635e-001
 1.91702405e+000 1.82800269e+000 2.40472947e+000 2.11614003e+000 1.89420594e+000 2.16846249e+000 2.03513631e+000 2.08203822e+000 2.17559961e+000 2.25198702e+000 2.19213772e+000 2.17759710e+000 2.17186019e+000
 1.40983925e+000 1.41399286e+000 9.00401984e-001 1.36116646e+000 1.34068578e+000 9.28057718e-001 1.23419334e+000 1.21888655e+000 9.28894875e-001 6.17102384e-001 6.57705144e-001 9.53086073e-001 9.44828892e-001
 1.51340112e+000 1.46810565e+000 1.41481558e+000 1.62859431e+000 1.34018518e+000 1.41010297e+000 1.53042863e+000 1.54604040e+000 1.40574919e+000 1.18773213e+000 8.79393048e-001 1.41011742e+000 1.42098130e+000
 1.87400797e+000 1.79000187e+000 2.37363789e+000 2.11456860e+000 1.94517677e+000 1.99741791e+000 1.93003444e+000 1.96930579e+000 2.00634048e+000 2.02725265e+000 2.09335883e+000 2.00466429e+000 2.00156131e+000
 2.74115020e+000 2.68782247e+000 2.71514142e+000 2.56577720e+000 2.42704102e+000 2.57297653e+000 2.73164195e+000 2.89485175e+000 2.75067064e+000 2.68666599e+000 2.46716078e+000 2.71973232e+000 2.68837814e+000
 2.25087869e+000 2.07607741e+000 2.13479241e+000 2.60769970e+000 2.38384866e+000 2.41205084e+000 2.29792943e+000 2.34839846e+000 2.37925378e+000 2.41727618e+000 2.60535541e+000 2.38583551e+000 2.35924696e+000
 1.35199754e+000 9.37026761e-001 1.18945622e+000 8.14189955e-001 1.34525044e+000 1.26391286e+000 9.29903513e-001 9.28217541e-001 1.27313630e+000 1.34528895e+000 1.57524633e+000 1.20913101e+000 1.23762303e+000
 1.32958226e+000 1.74054413e+000 1.01622061e+000 1.19893899e+000 1.24670322e+000 1.24075343e+000 1.49218087e+000 1.36136281e+000 1.24782611e+000 1.12043653e+000 1.03999286e+000 1.25387801e+000 1.23615379e+000
 1.07543931e+000 1.12064324e+000 9.97285984e-001 9.39623664e-001 1.39963560e+000 8.30324766e-001 1.17613283e+000 1.01449533e+000 8.84834836e-001 7.79149752e-001 5.99554619e-001 8.82520303e-001 8.76400348e-001
 1.44586729e+000 1.32735409e+000 1.99510790e+000 1.66609913e+000 1.58709555e+000 1.65476016e+000 1.57564713e+000 1.61905235e+000 1.64151662e+000 1.72928935e+000 1.81876879e+000 1.67248027e+000 1.65990815e+000
 1.33476531e+000 1.33337142e+000 9.47697976e-001 1.21208100e+000 1.58533963e+000 9.25141045e-001 1.16931823e+000 1.20587026e+000 9.73421506e-001 9.44637627e-001 8.26526212e-001 9.65267816e-001 9.79814467e-001
 1.22027286e+000 1.10885505e+000 1.35041931e+000 1.49681440e+000 1.26988660e+000 1.59271435e+000 1.36941668e+000 1.42832677e+000 1.58568881e+000 1.66608204e+000 1.81633595e+000 1.56645075e+000 1.57564205e+000
 5.86838588e-002 5.48794902e-002 6.47865973e-001 9.05447413e-003 3.55622728e-002 6.97081488e-001 7.77313231e-002 8.56551934e-002 6.97833354e-001 7.59849127e-001 9.16499115e-001 6.61407484e-001 6.60110563e-001
 1.14859362e+000 1.37339476e+000 6.60521455e-001 9.51845334e-001 9.05462469e-001 8.95173085e-001 1.18270596e+000 1.09804995e+000 8.38435453e-001 6.81328090e-001 5.67482479e-001 8.60764121e-001 8.77150834e-001
 8.62121806e-001 9.79925001e-001 4.47631445e-001 7.17078587e-001 1.09416585e+000 3.82008529e-001 6.69630303e-001 5.93349073e-001 4.01487241e-001 2.98766214e-001 2.26202712e-001 4.01690759e-001 4.03409431e-001
 9.07888233e-001 9.75901453e-001 3.53665573e-001 6.69729569e-001 6.44045547e-001 3.20871288e-001 6.40776227e-001 6.09942352e-001 3.25468250e-001 3.05685390e-001 8.16573311e-002 3.39269337e-001 3.40605908e-001
 8.07125846e-001 9.40167647e-001 3.22494734e-001 6.07980960e-001 5.96108927e-001 2.68754666e-001 5.68763622e-001 5.18812497e-001 2.44607968e-001 2.68509768e-001 3.79826795e-002 2.61157569e-001 2.75536486e-001
 3.22746453e-002 -5.52435513e-003 1.06076723e-001 3.35347295e-002 5.75237302e-002 1.67307058e-001 1.01260121e-001 5.55190637e-002 1.26261278e-001 2.11936953e-001 9.04570982e-001 1.26173477e-001 1.88517502e-001
 5.12706852e-001 5.22231288e-001 3.36516502e-001 4.28972308e-001 4.45048403e-001 6.09057749e-001 9.80473161e-001 5.31905011e-001 4.49889299e-001 5.39391325e-001 1.18442259e+000 5.75740621e-001 5.50569754e-001
 6.68356653e-001 6.85954670e-001 7.18998717e-001 5.57514212e-001 9.95200809e-001 6.31474984e-001 1.32435832e+000 7.14715386e-001 5.07549058e-001 6.10282353e-001 1.25360463e+000 7.80147021e-001 7.02955716e-001
 4.12126122e+000 4.13078111e+000 3.93762136e+000 4.00785959e+000 4.04632991e+000 4.03773206e+000 4.10410124e+000 4.07808665e+000 4.11610130e+000 4.09961168e+000 4.01382273e+000 4.10296663e+000 4.04521785e+000
 3.57339453e+000 3.63133277e+000 3.77253890e+000 3.59493910e+000 3.65330929e+000 3.52175284e+000 3.53773402e+000 3.59141987e+000 3.61479971e+000 3.55642308e+000 3.49976976e+000 3.59065331e+000 3.59827247e+000
