 7.70911356e-002 9.72165475e-001 9.72165475e-001 9.72165475e-001 9.72165475e-001 9.72165475e-001 9.72165475e-001 9.72165475e-001 9.72165475e-001 9.72165475e-001 9.72165475e-001 9.72165475e-001 9.72165475e-001
 9.83636430e-001 9.11111921e-002 9.83636430e-001 9.83636430e-001 9.83636430e-001 9.83636430e-001 9.83636430e-001 9.83636430e-001 9.83636430e-001 9.83636430e-001 9.83636430e-001 9.83636430e-001 9.83636430e-001
 1.09003733e+000 1.09003733e+000 2.21156738e-001 1.09003733e+000 1.09003733e+000 1.09003733e+000 1.09003733e+000 1.09003733e+000 1.09003733e+000 1.09003733e+000 1.09003733e+000 1.09003733e+000 1.09003733e+000
 9.74095932e-001 9.74095932e-001 9.74095932e-001 7.94505833e-002 9.74095932e-001 9.74095932e-001 9.74095932e-001 9.74095932e-001 9.74095932e-001 9.74095932e-001 9.74095932e-001 9.74095932e-001 9.74095932e-001
 1.11434449e+000 1.11434449e+000 1.11434449e+000 1.11434449e+000 2.50865486e-001 1.11434449e+000 1.11434449e+000 1.11434449e+000 1.11434449e+000 1.11434449e+000 1.11434449e+000 1.11434449e+000 1.11434449e+000
 1.01252573e+000 1.01252573e+000 1.01252573e+000 1.01252573e+000 1.01252573e+000 1.26420332e-001 1.01252573e+000 1.01252573e+000 1.01252573e+000 1.01252573e+000 1.01252573e+000 1.01252573e+000 1.01252573e+000
 1.01844427e+000 1.01844427e+000 1.01844427e+000 1.01844427e+000 1.01844427e+000 1.01844427e+000 1.33654103e-001 1.01844427e+000 1.01844427e+000 1.01844427e+000 1.01844427e+000 1.01844427e+000 1.01844427e+000
 9.96714317e-001 9.96714317e-001 9.96714317e-001 9.96714317e-001 9.96714317e-001 9.96714317e-001 9.96714317e-001 1.07095276e-001 9.96714317e-001 9.96714317e-001 9.96714317e-001 9.96714317e-001 9.96714317e-001
 9.94871107e-001 9.94871107e-001 9.94871107e-001 9.94871107e-001 9.94871107e-001 9.94871107e-001 9.94871107e-001 9.94871107e-001 1.04842464e-001 9.94871107e-001 9.94871107e-001 9.94871107e-001 9.94871107e-001
 1.00956367e+000 1.00956367e+000 1.00956367e+000 1.00956367e+000 1.00956367e+000 1.00956367e+000 1.00956367e+000 1.00956367e+000 1.00956367e+000 1.22800037e-001 1.00956367e+000 1.00956367e+000 1.00956367e+000
 1.17429694e+000 1.17429694e+000 1.17429694e+000 1.17429694e+000 1.17429694e+000 1.17429694e+000 1.17429694e+000 1.17429694e+000 1.17429694e+000 1.17429694e+000 3.24140703e-001 1.17429694e+000 1.17429694e+000
 9.90099010e-001 9.90099010e-001 9.90099010e-001 9.90099010e-001 9.90099010e-001 9.90099010e-001 9.90099010e-001 9.90099010e-001 9.90099010e-001 9.90099010e-001 9.90099010e-001 9.90099010e-002 9.90099010e-001
 8.67245815e-001 9.00903110e-001 7.59790441e-001 1.01289478e-008 9.09090917e-001 7.90195805e-001 6.70064374e-001 6.18475488e-001 7.68731863e-001 4.96846295e-001 4.03073404e-001 5.79075122e-001 7.82294163e-001
 8.55923917e-001 8.68475841e-001 8.03451802e-001 6.54396054e-001 9.09090909e-001 8.14759342e-001 7.87593003e-001 7.73949136e-001 8.13436217e-001 0.00000000e+000 0.00000000e+000 0.00000000e+000 8.13986353e-001
 2.21451364e+000 2.21528880e+000 2.21473110e+000 1.82038216e+000 2.21485539e+000 2.21532620e+000 2.00385940e+000 1.99817330e+000 2.21495356e+000 2.30448983e+000 2.39849450e+000 2.29376244e+000 2.21490524e+000
 2.13542719e+000 1.98926016e+000 2.24198525e+000 2.32087894e+000 2.10387782e+000 2.15674115e+000 2.23044552e+000 2.31529746e+000 2.22184304e+000 2.42488050e+000 2.53666741e+000 2.34758117e+000 2.17862601e+000
 6.53667646e-001 6.85049821e-001 8.76136860e-001 5.40513256e-001 7.93172264e-001 8.20120631e-001 1.10138491e+000 1.15347191e+000 8.87494523e-001 1.35132903e+000 1.27937978e+000 1.28770297e+000 8.28885574e-001
 1.00473503e+000 1.00127357e+000 9.13911426e-001 8.04570787e-001 9.23040212e-001 1.16898371e-001 8.44287250e-001 8.15236728e-001 9.23796805e-001 7.78482896e-001 7.00616518e-001 7.63656982e-001 9.32075385e-001
 7.17513075e-001 7.38802808e-001 8.11367271e-001 5.22084350e-001 8.37681290e-001 8.09228094e-001 9.56677967e-001 9.95323597e-001 8.16018231e-001 1.06989911e+000 1.33625083e+000 1.10994482e+000 8.02837053e-001
 2.42495123e-001 2.76453527e-001 3.58087345e-001 2.15840707e-002 4.06777985e-001 4.23460055e-001 9.26750603e-001 4.87271567e-001 3.71219961e-001 5.37026790e-001 4.02862028e-001 5.54693134e-001 3.79499256e-001
 2.14230103e+000 2.14040131e+000 2.13671259e+000 1.50725682e+000 2.12798683e+000 2.13977178e+000 1.92473246e+000 1.91978502e+000 2.13622302e+000 1.90334185e+000 1.91686921e+000 1.88987603e+000 2.13863601e+000
 9.14976019e-001 9.12364158e-001 9.29603094e-001 8.91647941e-001 9.31981830e-001 9.29413863e-001 1.24065092e-001 9.53610272e-001 9.29915192e-001 9.66238111e-001 1.01059871e+000 9.71745169e-001 9.28156147e-001
 2.87547721e-001 3.00366058e-001 2.77906515e-001 2.95396500e-001 2.89983597e-001 3.20202021e-001 -1.64254453e-001 7.74700902e-001 2.88558621e-001 2.96658302e-001 3.18046081e-001 2.98533333e-001 2.95242295e-001
 2.48155110e+000 2.47291633e+000 2.48116079e+000 2.01638671e+000 2.55886185e+000 2.48223680e+000 2.25485997e+000 2.25474275e+000 2.48048719e+000 2.25458351e+000 2.27922937e+000 2.22164325e+000 2.48183821e+000
 7.79638835e-001 7.78600576e-001 7.81759397e-001 7.00389082e-001 7.82611444e-001 7.83670570e-001 9.78167547e-001 8.44270015e-002 7.72116888e-001 7.86243708e-001 7.97071496e-001 7.87207699e-001 7.82341113e-001
 1.54632687e+000 1.58561035e+000 1.58257367e+000 1.64494819e+000 1.63380464e+000 1.64201115e+000 1.73278797e+000 1.73067683e+000 1.36410069e+000 1.74333999e+000 2.02517329e+000 1.77188135e+000 1.60722273e+000
 1.01083846e+000 9.74358948e-001 9.77178881e-001 9.19256485e-001 9.29604635e-001 9.21983886e-001 8.37686450e-001 8.39646904e-001 1.24358123e-001 8.27886607e-001 5.66170839e-001 8.01383060e-001 9.54289206e-001
 9.08131184e-001 9.09090909e-001 8.46242995e-001 0.00000000e+000 7.97670507e-001 8.65834056e-001 8.48682371e-001 8.25477928e-001 8.56438839e-001 7.92787820e-001 7.45759444e-001 7.98783579e-001 8.60910258e-001
 6.02213383e-001 6.30780990e-001 7.74577239e-001 5.11075780e-001 7.14834304e-001 7.34376314e-001 9.21991587e-001 9.55377748e-001 7.82650696e-001 1.32724382e+000 1.08958643e+000 9.44476640e-001 7.41010347e-001
 9.76963629e-001 1.02747841e+000 1.14002444e+000 8.16547163e-001 1.13356341e+000 1.11310213e+000 1.22366592e+000 1.21752424e+000 1.15159241e+000 1.25534283e+000 1.57717495e+000 1.25484557e+000 1.11914416e+000
 2.48103260e+000 2.45144507e+000 2.21785725e+000 1.92126207e+000 2.28081786e+000 2.23307524e+000 2.29847502e+000 2.23312410e+000 2.29230637e+000 2.24420068e+000 2.16766195e+000 2.21635839e+000 2.27066876e+000
 2.49797082e+000 2.44936088e+000 2.40359213e+000 2.87075219e+000 2.42522836e+000 2.58068126e+000 2.63791763e+000 2.60205591e+000 2.39758601e+000 2.57241345e+000 2.54225407e+000 2.55249807e+000 2.39787965e+000
 1.89688178e+000 1.87933422e+000 1.71746151e+000 1.20729995e+000 1.71576403e+000 1.67664803e+000 1.71215212e+000 1.63913611e+000 1.69132567e+000 1.67486731e+000 1.60027559e+000 1.64831498e+000 1.68269928e+000
 1.53308297e-001 5.97112143e-001 4.77326729e-001 1.03452497e+000 4.87583870e-001 5.03241665e-001 4.06751039e-001 3.83020668e-001 4.74584366e-001 3.91163754e-001 3.74229686e-001 3.86409426e-001 5.03234493e-001
 1.30760760e+000 8.22298969e-001 1.41111580e+000 1.58188097e+000 1.31825758e+000 1.29695776e+000 1.29093532e+000 1.43616147e+000 1.35283708e+000 1.44773410e+000 1.39212801e+000 1.41849025e+000 1.31742941e+000
 1.35174760e+000 1.44155842e+000 1.44948556e+000 1.30399455e+000 1.46028842e+000 1.58396767e+000 1.49704018e+000 1.71514013e+000 1.43782223e+000 1.75200306e+000 1.97599554e+000 1.79579597e+000 1.46492859e+000
 2.47475594e+000 2.36916945e+000 2.15103706e+000 2.27480188e+000 2.20439437e+000 2.21321504e+000 2.23825324e+000 2.19216916e+000 2.21679407e+000 2.10265603e+000 1.91359059e+000 2.08203079e+000 2.23908855e+000
 1.50386650e+000 1.50396763e+000 1.65321909e+000 1.87314912e+000 1.56999436e+000 1.69431476e+000 1.98802641e+000 1.98469942e+000 1.60488501e+000 2.06901273e+000 2.13952713e+000 2.11777641e+000 1.63468662e+000
 1.92433438e+000 1.82712719e+000 1.72347687e+000 1.57793868e+000 1.64343878e+000 1.64820562e+000 1.57617082e+000 1.52327400e+000 1.65851497e+000 1.42573587e+000 1.24085314e+000 1.41577613e+000 1.67403144e+000
 2.88718762e-001 9.18375866e-001 6.47251011e-001 6.55179250e-001 7.25644879e-001 7.40174513e-001 1.53330329e-001 1.12152174e-001 6.15794124e-001 1.13482812e-002 7.05065686e-002 8.99977602e-002 7.21449019e-001
 9.79542166e-001 6.72259003e-001 1.15888817e+000 1.20265145e+000 1.08714752e+000 1.02930589e+000 1.22591144e+000 1.38685444e+000 1.14515986e+000 1.45912100e+000 1.19072511e+000 1.31009907e+000 1.08596835e+000
 4.77673202e-001 4.91691646e-001 6.04619376e-001 4.78777594e-001 5.40770566e-001 6.44719795e-001 7.61246933e-001 8.86580797e-001 5.88650126e-001 1.06883284e+000 1.29991444e+000 1.15801909e+000 5.84900409e-001
 2.09197923e-001 2.41940615e-001 2.78443436e-001 1.61436081e-001 2.94702929e-001 2.67389421e-001 4.53672423e-001 4.87638047e-001 2.80304070e-001 5.90019037e-001 1.04117498e+000 6.56686916e-001 2.76872775e-001
 1.83132387e-001 2.03790380e-001 2.15122201e-001 1.34877419e-001 2.53371206e-001 2.41762044e-001 3.84582713e-001 4.11361510e-001 2.16906168e-001 5.09031269e-001 1.01944516e+000 5.89160538e-001 2.22768451e-001
 3.41350199e-002 7.53921401e-002 4.37250149e-002 9.12600470e-001 6.95613385e-002 3.44711846e-002 9.48396161e-003 2.42676581e-002 5.04653623e-002 2.39561584e-002 1.03753787e-002 4.28946391e-003 6.29696811e-002
 1.67314455e-001 1.41149467e-001 1.78691169e-001 1.00899565e+000 1.58674613e-001 1.36984650e-001 1.25608307e-001 1.50773089e-001 2.13942967e-001 1.53309018e-001 1.22105791e-001 1.49103097e-001 1.56459235e-001
 2.04962290e-001 2.51725711e-001 2.39295846e-001 1.06882397e+000 1.95229298e-001 2.10091826e-001 2.05999637e-001 2.09420911e-001 3.12620515e-001 2.44593483e-001 2.07611788e-001 2.31836964e-001 2.23298114e-001
 3.86931237e+000 3.90868404e+000 3.92008138e+000 3.70271070e+000 3.87445326e+000 3.82136319e+000 3.72272433e+000 3.90351987e+000 3.90292918e+000 3.93858148e+000 3.84939119e+000 3.84555262e+000 3.82721295e+000
 3.51422460e+000 3.49602207e+000 3.51924746e+000 3.38313564e+000 3.57120852e+000 3.67711098e+000 3.56551446e+000 3.53405860e+000 3.47492801e+000 3.48286048e+000 3.59803132e+000 3.54879078e+000 3.55450433e+000