 5.00000000e+000 6.30530000e+001 6.30530000e+001 6.30530000e+001 6.30530000e+001 6.30530000e+001 6.30530000e+001 6.30530000e+001 6.30530000e+001 6.30530000e+001 6.30530000e+001 6.30530000e+001 6.30530000e+001
 5.39800000e+001 5.00000000e+000 5.39800000e+001 5.39800000e+001 5.39800000e+001 5.39800000e+001 5.39800000e+001 5.39800000e+001 5.39800000e+001 5.39800000e+001 5.39800000e+001 5.39800000e+001 5.39800000e+001
 2.46440000e+001 2.46440000e+001 5.00000000e+000 2.46440000e+001 2.46440000e+001 2.46440000e+001 2.46440000e+001 2.46440000e+001 2.46440000e+001 2.46440000e+001 2.46440000e+001 2.46440000e+001 2.46440000e+001
 6.13020000e+001 6.13020000e+001 6.13020000e+001 5.00000000e+000 6.13020000e+001 6.13020000e+001 6.13020000e+001 6.13020000e+001 6.13020000e+001 6.13020000e+001 6.13020000e+001 6.13020000e+001 6.13020000e+001
 2.22100000e+001 2.22100000e+001 2.22100000e+001 2.22100000e+001 5.00000000e+000 2.22100000e+001 2.22100000e+001 2.22100000e+001 2.22100000e+001 2.22100000e+001 2.22100000e+001 2.22100000e+001 2.22100000e+001
 4.00460000e+001 4.00460000e+001 4.00460000e+001 4.00460000e+001 4.00460000e+001 5.00000000e+000 4.00460000e+001 4.00460000e+001 4.00460000e+001 4.00460000e+001 4.00460000e+001 4.00460000e+001 4.00460000e+001
 3.81000000e+001 3.81000000e+001 3.81000000e+001 3.81000000e+001 3.81000000e+001 3.81000000e+001 5.00000000e+000 3.81000000e+001 3.81000000e+001 3.81000000e+001 3.81000000e+001 3.81000000e+001 3.81000000e+001
 4.65340000e+001 4.65340000e+001 4.65340000e+001 4.65340000e+001 4.65340000e+001 4.65340000e+001 4.65340000e+001 5.00000000e+000 4.65340000e+001 4.65340000e+001 4.65340000e+001 4.65340000e+001 4.65340000e+001
 4.74460000e+001 4.74460000e+001 4.74460000e+001 4.74460000e+001 4.74460000e+001 4.74460000e+001 4.74460000e+001 4.74460000e+001 5.00000000e+000 4.74460000e+001 4.74460000e+001 4.74460000e+001 4.74460000e+001
 4.11060000e+001 4.11060000e+001 4.11060000e+001 4.11060000e+001 4.11060000e+001 4.11060000e+001 4.11060000e+001 4.11060000e+001 4.11060000e+001 5.00000000e+000 4.11060000e+001 4.11060000e+001 4.11060000e+001
 1.81140000e+001 1.81140000e+001 1.81140000e+001 1.81140000e+001 1.81140000e+001 1.81140000e+001 1.81140000e+001 1.81140000e+001 1.81140000e+001 1.81140000e+001 5.00000000e+000 1.81140000e+001 1.81140000e+001
 5.00000000e+001 5.00000000e+001 5.00000000e+001 5.00000000e+001 5.00000000e+001 5.00000000e+001 5.00000000e+001 5.00000000e+001 5.00000000e+001 5.00000000e+001 5.00000000e+001 5.00000000e+000 5.00000000e+001
 3.78073398e+001 3.92746202e+001 3.31228527e+001 4.41568659e-007 3.96315654e+001 3.44483661e+001 2.92112698e+001 2.69622667e+001 3.35126515e+001 2.16598759e+001 1.75718728e+001 2.52446187e+001 3.41038962e+001
 4.68547879e+001 4.75419024e+001 4.39823716e+001 3.58227965e+001 4.97652430e+001 4.46013663e+001 4.31142329e+001 4.23673435e+001 4.45289361e+001 0.00000000e+000 0.00000000e+000 0.00000000e+000 4.45590515e+001
 3.00099935e+003 3.00204981e+003 3.00129404e+003 2.46689187e+003 3.00146247e+003 3.00210049e+003 2.71553115e+003 2.70782562e+003 3.00159551e+003 3.12293063e+003 3.25032111e+003 3.10839340e+003 3.00153003e+003
 6.91420567e+001 6.44093790e+001 7.25922534e+001 7.51467175e+001 6.81205335e+001 6.98321720e+001 7.22186133e+001 7.49659972e+001 7.19400774e+001 7.85141382e+001 8.21336371e+001 7.60112970e+001 7.05407722e+001
 6.80739988e+001 7.13421890e+001 9.12423002e+001 5.62899189e+001 8.26022339e+001 8.54086801e+001 1.14699994e+002 1.20124418e+002 9.24251055e+001 1.40729576e+002 1.33236666e+002 1.34103456e+002 8.63214754e+001
 4.15955455e-001 4.14522425e-001 3.78354921e-001 3.33088424e-001 3.82134194e-001 4.83953616e-002 3.49530848e-001 3.37504072e-001 3.82447420e-001 3.22288163e-001 2.90051858e-001 3.16150306e-001 3.85874712e-001
 5.76100466e+001 5.93194266e+001 6.51457206e+001 4.19188232e+001 6.72585070e+001 6.49739633e+001 7.68129030e+001 7.99158103e+001 6.55191521e+001 8.59035738e+001 1.07289296e+002 8.91188953e+001 6.44608184e+001
 2.48291048e+001 2.83061098e+001 3.66646063e+001 2.20999559e+000 4.16500468e+001 4.33581259e+001 9.48901056e+001 4.98917943e+001 3.80092564e+001 5.49862375e+001 4.12490914e+001 5.67950966e+001 3.88569744e+001
 2.94221966e+003 2.93961060e+003 2.93454454e+003 2.07005485e+003 2.92256064e+003 2.93874600e+003 2.64341266e+003 2.63661789e+003 2.93387217e+003 2.61403497e+003 2.63261334e+003 2.59554112e+003 2.93718614e+003
 2.41322357e+001 2.40633486e+001 2.45180207e+001 2.35169642e+001 2.45807592e+001 2.45130298e+001 3.27218199e+000 2.51512033e+001 2.45262522e+001 2.54842590e+001 2.66542574e+001 2.56295061e+001 2.44798579e+001
 4.85216516e+001 5.06846557e+001 4.68947660e+001 4.98460777e+001 4.89326885e+001 5.40318346e+001 -2.77167815e+001 1.30725318e+002 4.86922339e+001 5.00589979e+001 5.36680349e+001 5.03753963e+001 4.98200568e+001
 3.41769318e+003 3.40580103e+003 3.41715564e+003 2.77704985e+003 3.52416870e+003 3.41863756e+003 3.10548494e+003 3.10532349e+003 3.41622792e+003 3.10510418e+003 3.13904746e+003 3.05973751e+003 3.41808861e+003
 2.27692327e+001 2.27389105e+001 2.28311634e+001 2.04547558e+001 2.28560473e+001 2.28869789e+001 2.85672333e+001 2.46567764e+000 2.25495554e+001 2.29621270e+001 2.32783509e+001 2.29902802e+001 2.28481523e+001
 5.86872031e+001 6.01781154e+001 6.00628652e+001 6.24301436e+001 6.20072164e+001 6.23186753e+001 6.57638963e+001 6.56837728e+001 5.17712365e+001 6.61643733e+001 7.68606939e+001 6.72475934e+001 6.09983624e+001
 2.77648059e+002 2.67628192e+002 2.68402746e+002 2.52493141e+002 2.55335478e+002 2.53242279e+002 2.30088214e+002 2.30626694e+002 3.41575758e+001 2.27396481e+002 1.55510737e+002 2.20116724e+002 2.62115615e+002
 3.75848889e+002 3.76246091e+002 3.50235181e+002 0.00000000e+000 3.30132451e+002 3.58343347e+002 3.51244767e+002 3.41641128e+002 3.54454942e+002 3.28111650e+002 3.08647983e+002 3.30593119e+002 3.56305531e+002
 5.95160845e+001 6.23393896e+001 7.65506143e+001 5.05090557e+001 7.06462859e+001 7.25776012e+001 9.11194117e+001 9.44189292e+001 7.73485052e+001 1.31170043e+002 1.07682625e+002 9.33415847e+001 7.32332354e+001
 6.20083621e+001 6.52145599e+001 7.23579119e+001 5.18266501e+001 7.19478271e+001 7.06491395e+001 7.76666781e+001 7.72768625e+001 7.30921367e+001 7.96772270e+001 1.00104070e+002 7.96456659e+001 7.10326302e+001
 3.55261640e+001 3.51024971e+001 3.17577287e+001 2.75107515e+001 3.26592683e+001 3.19756367e+001 3.29121029e+001 3.19763364e+001 3.28237734e+001 3.21349431e+001 3.10389770e+001 3.17362664e+001 3.25139423e+001
 8.73096996e+000 8.56106729e+000 8.40109520e+000 1.00339247e+001 8.47671868e+000 9.02006156e+000 9.22011554e+000 9.09477077e+000 8.38010246e+000 8.99116369e+000 8.88574988e+000 8.92155494e+000 8.38112879e+000
 3.00771581e+001 2.97989222e+001 2.72322514e+001 1.91430757e+001 2.72053360e+001 2.65851085e+001 2.71480651e+001 2.59903155e+001 2.68178388e+001 2.65568732e+001 2.53741390e+001 2.61358567e+001 2.66810578e+001
 2.69500754e+000 1.04966382e+001 8.39092963e+000 1.81859211e+001 8.57123999e+000 8.84648847e+000 7.15027913e+000 6.73312279e+000 8.34272161e+000 6.87627014e+000 6.57858606e+000 6.79269378e+000 8.84636238e+000
 1.71804626e+001 1.08040644e+001 1.85404415e+001 2.07840999e+001 1.73203911e+001 1.70405360e+001 1.69614080e+001 1.88695129e+001 1.77747261e+001 1.90215640e+001 1.82909638e+001 1.86373333e+001 1.73095100e+001
 1.32267129e+000 1.41055026e+000 1.41830689e+000 1.27594542e+000 1.42887738e+000 1.54989627e+000 1.46483860e+000 1.67824719e+000 1.40689444e+000 1.71431719e+000 1.93349156e+000 1.75716811e+000 1.43341774e+000
 3.75228816e+001 3.59219522e+001 3.26145732e+001 3.44911270e+001 3.34235904e+001 3.35573317e+001 3.39369672e+001 3.32382287e+001 3.36115978e+001 3.18810077e+001 2.90143493e+001 3.15682826e+001 3.39496324e+001
 1.04207562e+001 1.04214570e+001 1.14556665e+001 1.29796297e+001 1.08789766e+001 1.17404311e+001 1.37756500e+001 1.37525963e+001 1.11207447e+001 1.43368293e+001 1.48254454e+001 1.46747279e+001 1.13272493e+001
 3.05936650e+001 2.90482349e+001 2.74003699e+001 2.50865586e+001 2.61278995e+001 2.62036843e+001 2.50584527e+001 2.42174826e+001 2.63675855e+001 2.26667912e+001 1.97274681e+001 2.25084481e+001 2.66142712e+001
 3.27076722e+000 1.04038742e+001 7.33242057e+000 7.42223609e+000 8.22051004e+000 8.38510985e+000 1.73701151e+000 1.27052240e+000 6.97605940e+000 1.28559661e-001 7.98737746e-001 1.01954484e+000 8.17297700e+000
 1.34802384e+001 9.25147680e+000 1.59483576e+001 1.65506181e+001 1.49610790e+001 1.41650756e+001 1.68707168e+001 1.90855781e+001 1.57594317e+001 2.00800942e+001 1.63864904e+001 1.80292880e+001 1.49448515e+001
 1.22018153e+000 1.25599063e+000 1.54445632e+000 1.22300262e+000 1.38135917e+000 1.64688993e+000 1.94455005e+000 2.26470631e+000 1.50366403e+000 2.73025593e+000 3.32053710e+000 2.95807574e+000 1.49408565e+000
 2.03259062e+000 2.35072231e+000 2.70538783e+000 1.56853117e+000 2.86336690e+000 2.59798578e+000 4.40793243e+000 4.73794627e+000 2.72346596e+000 5.73269152e+000 1.01161735e+001 6.38044415e+000 2.69012711e+000
 9.93588562e-001 1.10566893e+000 1.16714996e+000 7.31780234e-001 1.37467073e+000 1.31168498e+000 2.08656148e+000 2.23185040e+000 1.17682891e+000 2.76175970e+000 5.53102085e+000 3.19650271e+000 1.20863485e+000
 3.61771463e-002 7.99024723e-002 4.63408625e-002 9.67196763e-001 7.37228432e-002 3.65334221e-002 1.00513393e-002 2.57194699e-002 5.34844509e-002 2.53893348e-002 1.09960854e-002 4.54608094e-003 6.67368402e-002
 9.26170277e-001 7.81333814e-001 9.89146156e-001 5.58530212e+000 8.78344379e-001 7.58279441e-001 6.95305622e-001 8.34605438e-001 1.18428272e+000 8.48643090e-001 6.75917417e-001 8.25361185e-001 8.66081139e-001
 9.52597075e-002 1.16993802e-001 1.11216811e-001 4.96754104e-001 9.07361339e-002 9.76437463e-002 9.57418318e-002 9.73319274e-002 1.45295697e-001 1.13678978e-001 9.64911068e-002 1.07750169e-001 1.03781593e-001
 5.35983076e+001 5.41436901e+001 5.43015677e+001 5.12905158e+001 5.36695201e+001 5.29341083e+001 5.15677476e+001 5.40721552e+001 5.40639729e+001 5.45578340e+001 5.33223564e+001 5.32691840e+001 5.30151401e+001
 4.35851118e+001 4.33593552e+001 4.36474077e+001 4.19592832e+001 4.42918539e+001 4.56053074e+001 4.42212334e+001 4.38311026e+001 4.30977365e+001 4.31961188e+001 4.46245232e+001 4.40138182e+001 4.40846804e+001
