 1.00000000e+002 6.30530000e+001 6.30530000e+001 6.30530000e+001 6.30530000e+001 6.30530000e+001 6.30530000e+001 6.30530000e+001 6.30530000e+001 6.30530000e+001 6.30530000e+001 6.30530000e+001 6.30530000e+001
 5.39800000e+001 1.00000000e+002 5.39800000e+001 5.39800000e+001 5.39800000e+001 5.39800000e+001 5.39800000e+001 5.39800000e+001 5.39800000e+001 5.39800000e+001 5.39800000e+001 5.39800000e+001 5.39800000e+001
 2.46440000e+001 2.46440000e+001 1.00000000e+002 2.46440000e+001 2.46440000e+001 2.46440000e+001 2.46440000e+001 2.46440000e+001 2.46440000e+001 2.46440000e+001 2.46440000e+001 2.46440000e+001 2.46440000e+001
 6.13020000e+001 6.13020000e+001 6.13020000e+001 1.00000000e+002 6.13020000e+001 6.13020000e+001 6.13020000e+001 6.13020000e+001 6.13020000e+001 6.13020000e+001 6.13020000e+001 6.13020000e+001 6.13020000e+001
 2.22100000e+001 2.22100000e+001 2.22100000e+001 2.22100000e+001 1.00000000e+002 2.22100000e+001 2.22100000e+001 2.22100000e+001 2.22100000e+001 2.22100000e+001 2.22100000e+001 2.22100000e+001 2.22100000e+001
 4.00460000e+001 4.00460000e+001 4.00460000e+001 4.00460000e+001 4.00460000e+001 1.00000000e+002 4.00460000e+001 4.00460000e+001 4.00460000e+001 4.00460000e+001 4.00460000e+001 4.00460000e+001 4.00460000e+001
 3.81000000e+001 3.81000000e+001 3.81000000e+001 3.81000000e+001 3.81000000e+001 3.81000000e+001 1.00000000e+002 3.81000000e+001 3.81000000e+001 3.81000000e+001 3.81000000e+001 3.81000000e+001 3.81000000e+001
 4.65340000e+001 4.65340000e+001 4.65340000e+001 4.65340000e+001 4.65340000e+001 4.65340000e+001 4.65340000e+001 1.00000000e+002 4.65340000e+001 4.65340000e+001 4.65340000e+001 4.65340000e+001 4.65340000e+001
 4.74460000e+001 4.74460000e+001 4.74460000e+001 4.74460000e+001 4.74460000e+001 4.74460000e+001 4.74460000e+001 4.74460000e+001 1.00000000e+002 4.74460000e+001 4.74460000e+001 4.74460000e+001 4.74460000e+001
 4.11060000e+001 4.11060000e+001 4.11060000e+001 4.11060000e+001 4.11060000e+001 4.11060000e+001 4.11060000e+001 4.11060000e+001 4.11060000e+001 1.00000000e+002 4.11060000e+001 4.11060000e+001 4.11060000e+001
 1.81140000e+001 1.81140000e+001 1.81140000e+001 1.81140000e+001 1.81140000e+001 1.81140000e+001 1.81140000e+001 1.81140000e+001 1.81140000e+001 1.81140000e+001 1.00000000e+002 1.81140000e+001 1.81140000e+001
 5.00000000e+001 5.00000000e+001 5.00000000e+001 5.00000000e+001 5.00000000e+001 5.00000000e+001 5.00000000e+001 5.00000000e+001 5.00000000e+001 5.00000000e+001 5.00000000e+001 1.00000000e+002 5.00000000e+001
 1.90675154e+001 1.77937534e+001 3.81416340e+001 2.17344533e+001 3.98660975e-007 3.39862073e+001 2.55262145e+001 2.69414835e+001 3.41876106e+001 3.52625957e+001 3.95216813e+001 3.41879515e+001 3.41038962e+001
 000000000e-000 1.89166327e+001 4.83294564e+001 3.19976824e+001 2.33140591e+001 4.46578550e+001 4.19919614e+001 4.23564744e+001 4.45521454e+001 4.58497481e+001 4.86932148e+001 4.46123730e+001 4.45590515e+001
 3.17155145e+003 3.03091106e+003 3.00140073e+003 3.14670994e+003 2.62416097e+003 3.00114943e+003 2.73933885e+003 2.70674101e+003 3.00179622e+003 3.00576787e+003 3.00246773e+003 3.00179715e+003 3.00153003e+003
 8.07097298e+001 8.63724667e+001 6.02649918e+001 7.78873794e+001 1.03150660e+002 7.06043015e+001 7.68455049e+001 7.49713182e+001 7.05629198e+001 7.26550433e+001 6.51383288e+001 7.14028505e+001 7.05407722e+001
 1.36361571e+002 1.38803345e+002 8.13521784e+001 1.35519000e+002 1.33233018e+002 8.44342521e+001 1.22365160e+002 1.20211251e+002 8.46250380e+001 5.96024124e+001 5.61156739e+001 8.42805450e+001 8.63214754e+001
 3.01967828e-001 2.87575496e-001 4.25079983e-001 3.55270839e-001 3.27924992e-001 9.64419482e-001 3.29689457e-001 3.37307245e-001 3.87012592e-001 4.05082724e-001 4.40464803e-001 3.86823242e-001 3.85874712e-001
 9.29931650e+001 9.82695575e+001 6.63303034e+001 8.52980741e+001 7.93481776e+001 6.36267010e+001 8.28299315e+001 7.99889476e+001 6.41218352e+001 6.10141188e+001 2.55458505e+001 6.46289512e+001 6.44608184e+001
 5.45485465e+001 5.58615442e+001 6.07236199e+001 5.61041128e+001 2.41224958e+000 3.55755494e+001 2.46922040e+000 4.99385709e+001 3.97800646e+001 2.54119001e+001 4.43943553e+001 3.68510638e+001 3.88569744e+001
 2.54716701e+003 2.62210026e+003 2.93904702e+003 2.82454415e+003 2.46150565e+003 2.93705656e+003 2.67146174e+003 2.63552826e+003 2.93847869e+003 2.94959294e+003 2.93975830e+003 2.93902267e+003 2.93718614e+003
 2.58452666e+001 2.63883024e+001 2.45248909e+001 2.53722435e+001 2.51092980e+001 2.44302803e+001 6.66069319e+001 2.51544826e+001 2.44604019e+001 2.42385545e+001 2.28985782e+001 2.44737877e+001 2.44798579e+001
 5.06109332e+001 4.99873219e+001 6.20842412e+001 5.32579128e+001 5.13077320e+001 4.77152228e+001 1.24289262e+002 -2.76893779e+001 4.73271433e+001 4.93833185e+001 4.00857630e+001 4.84805514e+001 4.98200568e+001
 3.03743530e+003 3.12462024e+003 3.41696594e+003 3.35449250e+003 2.74558130e+003 3.41883990e+003 3.14901357e+003 3.10414288e+003 3.41960273e+003 3.43477134e+003 3.41774409e+003 3.42009379e+003 3.41808861e+003
 2.30249002e+001 2.31679576e+001 2.29085206e+001 2.40611955e+001 2.30391496e+001 2.28209438e+001 2.16137841e+001 4.93130467e+001 2.30958550e+001 2.28315688e+001 2.24132287e+001 2.28473220e+001 2.28481523e+001
 6.84536545e+001 7.14227735e+001 6.44631036e+001 6.31586114e+001 6.82036061e+001 6.01107160e+001 6.76849804e+001 6.56721134e+001 6.78086512e+001 6.15541082e+001 3.85610560e+001 6.13279482e+001 6.09983624e+001
 2.12011318e+002 1.92056994e+002 2.38830368e+002 2.47597357e+002 2.13691831e+002 2.68081159e+002 2.17177259e+002 2.30705036e+002 4.55984018e+002 2.58380617e+002 4.12908472e+002 2.59900584e+002 2.62115615e+002
 3.14498270e+002 2.99893828e+002 3.94509008e+002 3.47164333e+002 3.10754834e+002 3.55748119e+002 3.33875231e+002 3.41569745e+002 3.56919002e+002 3.69450774e+002 3.59632170e+002 3.57246702e+002 3.56305531e+002
 1.09275966e+002 1.09597910e+002 6.97897270e+001 1.05503361e+002 1.03915913e+002 7.19333097e+001 9.56617355e+001 9.44753130e+001 7.19981973e+001 4.78313105e+001 5.09784110e+001 7.38732455e+001 7.32332354e+001
 7.56525522e+001 7.33883025e+001 7.07244154e+001 8.14108794e+001 6.69937586e+001 7.04888393e+001 7.65037306e+001 7.72841388e+001 7.02712008e+001 5.93728695e+001 4.39594814e+001 7.04895617e+001 7.10326302e+001
 3.04419288e+001 2.90773094e+001 3.85580622e+001 3.43496654e+001 3.15980155e+001 3.24466357e+001 3.13520391e+001 3.19899742e+001 3.25915765e+001 3.29312799e+001 3.40051279e+001 3.25643480e+001 3.25139423e+001
 8.54564785e+000 8.37939648e+000 8.46456441e+000 7.99891535e+000 7.56639964e+000 8.02135955e+000 8.51600550e+000 9.02481870e+000 8.57532821e+000 8.37579110e+000 7.69147462e+000 8.47887674e+000 8.38112879e+000
 2.54555057e+001 2.34786533e+001 2.41426695e+001 2.94908450e+001 2.69592819e+001 2.72782243e+001 2.59876091e+001 2.65583705e+001 2.69073177e+001 2.73373184e+001 2.94643331e+001 2.69817515e+001 2.66810578e+001
 9.66389594e+000 6.69774080e+000 8.50207246e+000 5.81971989e+000 9.61566853e+000 9.03427849e+000 6.64682478e+000 6.63477368e+000 9.10020639e+000 9.61594382e+000 1.12596481e+001 8.64270527e+000 8.84636238e+000
 1.86177624e+001 2.43723446e+001 1.42298482e+001 1.67884018e+001 1.74572307e+001 1.73739175e+001 2.08945845e+001 1.90627764e+001 1.74729543e+001 1.56891542e+001 1.45627243e+001 1.75576973e+001 1.73095100e+001
 1.75896071e+000 1.83289510e+000 1.63113516e+000 1.53682416e+000 2.28920778e+000 1.35805771e+000 1.92365243e+000 1.65928232e+000 1.44721297e+000 1.27435718e+000 9.80616027e-001 1.44342738e+000 1.43341774e+000
 2.95719152e+001 2.71479982e+001 4.08053780e+001 3.40762547e+001 3.24604168e+001 3.38443419e+001 3.22262656e+001 3.31140203e+001 3.35734756e+001 3.53686665e+001 3.71987641e+001 3.42067663e+001 3.39496324e+001
 1.54306963e+001 1.54145821e+001 1.09559632e+001 1.40123913e+001 1.83274873e+001 1.06951914e+001 1.35180277e+001 1.39405913e+001 1.12533428e+001 1.09205837e+001 9.55514414e+000 1.11590812e+001 1.13272493e+001
 2.06117074e+001 1.87297420e+001 2.28100194e+001 2.52827883e+001 2.14497362e+001 2.69026405e+001 2.31309052e+001 2.41259594e+001 2.67839717e+001 2.81418989e+001 3.06798474e+001 2.64590204e+001 2.66142712e+001
 7.26578024e-001 6.79475283e-001 8.02137399e+000 1.12105476e-001 4.40304480e-001 8.63072232e+000 9.62408953e-001 1.06051617e+000 8.64003134e+000 9.40786255e+000 1.13473812e+001 8.18903447e+000 8.17297700e+000
 1.95696799e+001 2.33998303e+001 1.12539311e+001 1.62174926e+001 1.54272237e+001 1.52519137e+001 2.01508842e+001 1.87085194e+001 1.42852208e+001 1.16084335e+001 9.66873774e+000 1.46656555e+001 1.49448515e+001
 3.19299382e+000 3.62929513e+000 1.65786833e+000 2.65580511e+000 4.05240279e+000 1.41482429e+000 2.48007347e+000 2.19755481e+000 1.48696654e+000 1.10652424e+000 8.37774726e-001 1.48772030e+000 1.49408565e+000
 7.17055898e+000 7.70773171e+000 2.79327318e+000 5.28956671e+000 5.08671267e+000 2.53426183e+000 5.06089137e+000 4.81736347e+000 2.57056893e+000 2.41432264e+000 6.44934792e-001 2.67957079e+000 2.69012711e+000
 3.54044010e+000 4.12402509e+000 1.41461619e+000 2.66689536e+000 2.61481894e+000 1.17888654e+000 2.49486935e+000 2.27575982e+000 1.07296757e+000 1.17781230e+000 1.66610204e-001 1.14556204e+000 1.20863485e+000
 1.14255060e-002 -1.95566991e-003 3.75520853e-002 1.18715868e-002 2.03639023e-002 5.92281581e-002 3.58469663e-002 1.96542329e-002 4.46975939e-002 7.50275301e-002 3.20226019e-001 4.46665116e-002 6.67368402e-002
 8.06520392e-001 8.21502934e-001 5.29361798e-001 6.74800645e-001 7.00089362e-001 9.58086464e-001 1.54234646e+000 8.36720314e-001 7.07704398e-001 8.48496760e-001 1.86317185e+000 9.05676509e-001 8.66081139e-001
 9.86735246e-002 1.01271626e-001 1.06150118e-001 8.23091863e-002 1.46927499e-001 9.32284613e-002 1.95523008e-001 1.05517744e-001 7.49325292e-002 9.00996653e-002 1.85077214e-001 1.15177811e-001 1.03781593e-001
 5.40117366e+001 5.41365008e+001 5.16050200e+001 5.25255364e+001 5.30297143e+001 5.29170341e+001 5.37868442e+001 5.34459065e+001 5.39441125e+001 5.37280056e+001 5.26036872e+001 5.37719744e+001 5.30151401e+001
 4.37798853e+001 4.44897228e+001 4.62197271e+001 4.40438412e+001 4.47589708e+001 4.31471907e+001 4.33429861e+001 4.40007250e+001 4.42871659e+001 4.35719574e+001 4.28778623e+001 4.39913333e+001 4.40846804e+001
