 6.46063321e+001 6.46634506e+001 6.43415183e+001 6.46381975e+001 6.46147487e+001 6.46256016e+001 6.40644699e+001 6.45820256e+001 6.46265607e+001 6.47237223e+001 6.46425071e+001 6.46133856e+001 6.46621110e+001 6.47509131e+001 6.46123149e+001 6.46748964e+001 6.43799215e+001 6.47322486e+001
 5.54323351e+001 5.54087451e+001 5.51804369e+001 5.53724989e+001 5.54297397e+001 5.57444054e+001 5.54430805e+001 5.53998320e+001 5.53922158e+001 5.53363361e+001 5.53965239e+001 5.53739365e+001 5.52880648e+001 5.57612614e+001 5.53290982e+001 5.57256810e+001 5.53967230e+001 5.54061271e+001
 2.55120049e+001 2.56380066e+001 2.40948049e+001 2.58464575e+001 2.55323556e+001 2.58493729e+001 2.50150587e+001 2.10350232e+001 2.59233642e+001 2.53631187e+001 2.56124927e+001 2.51881217e+001 2.54930917e+001 2.31685606e+001 2.49489990e+001 2.62968509e+001 2.53058490e+001 2.54265484e+001
 6.27642225e+001 6.27710467e+001 6.18579506e+001 6.26706733e+001 6.27687823e+001 6.25565283e+001 6.29678728e+001 6.28437405e+001 6.27120520e+001 6.27569085e+001 6.26085396e+001 6.30494772e+001 6.28981923e+001 6.33827120e+001 6.27876226e+001 6.24632646e+001 6.28532212e+001 6.28991901e+001
 2.32470633e+001 2.34095183e+001 2.77191788e+001 2.23051838e+001 2.31222719e+001 2.22680614e+001 2.43510125e+001 2.15696090e+001 2.33948258e+001 2.31601835e+001 2.25458149e+001 2.38246196e+001 2.32192525e+001 2.87946007e+001 2.29141386e+001 2.16633293e+001 2.42861175e+001 2.30961791e+001
 4.10316963e+001 3.88388522e+001 3.85969706e+001 4.14128856e+001 4.11594237e+001 4.13005582e+001 4.07419240e+001 4.14956422e+001 4.11414166e+001 4.11852288e+001 4.12732912e+001 4.09418671e+001 4.25666044e+001 3.91132789e+001 4.11153249e+001 4.15458087e+001 4.07987824e+001 4.11285488e+001
 3.78712285e+001 3.85496510e+001 3.97208889e+001 3.90282451e+001 3.86908288e+001 3.91138069e+001 3.90954810e+001 3.88820206e+001 3.95097017e+001 3.97337905e+001 3.91953422e+001 3.82556718e+001 3.86585574e+001 3.81596645e+001 3.85956422e+001 3.91290332e+001 3.83310685e+001 3.86471260e+001
 4.78612866e+001 4.75447632e+001 4.74844725e+001 4.74425322e+001 4.75152532e+001 4.78293172e+001 4.74140527e+001 4.71878313e+001 4.68656996e+001 4.77345039e+001 4.76391022e+001 4.81463856e+001 4.80634086e+001 4.72401692e+001 4.71424882e+001 4.74520740e+001 4.80244316e+001 4.80069786e+001
 4.78429764e+001 4.78912025e+001 4.75185906e+001 4.80162530e+001 4.82788947e+001 4.79688931e+001 4.78448685e+001 4.79487864e+001 4.77386062e+001 4.74555571e+001 4.79565718e+001 4.78905330e+001 4.79310375e+001 4.73545990e+001 4.79351428e+001 4.79788092e+001 4.78593476e+001 4.79050275e+001
 5.92844450e+001 5.92649203e+001 5.93192316e+001 5.90715429e+001 5.92631250e+001 5.92154567e+001 5.90476890e+001 5.87597400e+001 5.93450437e+001 5.93161049e+001 5.89930183e+001 5.95071736e+001 5.93976521e+001 5.98955222e+001 5.91777459e+001 5.90532360e+001 5.92407660e+001 5.92994237e+001
 1.82125765e+001 1.86383974e+001 2.34985909e+001 1.84776568e+001 1.84853508e+001 1.85082473e+001 1.84844459e+001 1.87428494e+001 1.86626437e+001 1.81935329e+001 1.82437402e+001 1.84679286e+001 1.84111943e+001 1.90174470e+001 1.85310628e+001 1.88594478e+001 1.89294550e+001 1.82828531e+001
 5.12500000e+001 5.12500000e+001 5.12500000e+001 5.12500000e+001 5.12500000e+001 5.12500000e+001 5.12500000e+001 5.12500000e+001 5.12500000e+001 5.12500000e+001 5.12500000e+001 5.12500000e+001 5.12500000e+001 5.12500000e+001 5.12500000e+001 5.12500000e+001 5.12500000e+001 5.12500000e+001
 2.75390029e+001 2.75437104e+001 2.75531850e+001 2.75320629e+001 2.76044375e+001 2.75754320e+001 2.75785482e+001 2.75515360e+001 2.75718459e+001 2.75598427e+001 2.75671135e+001 2.75200781e+001 2.76553360e+001 2.75515001e+001 2.75372192e+001 2.75967370e+001 2.75559818e+001 2.75447149e+001
 4.33575689e+001 4.33701146e+001 4.32958594e+001 4.33338644e+001 4.33628010e+001 4.34847470e+001 4.33200128e+001 4.33744227e+001 4.34050723e+001 4.33545751e+001 4.33926513e+001 4.34374974e+001 4.33454219e+001 4.34617717e+001 4.33844726e+001 4.33958062e+001 4.33598037e+001 4.34100776e+001
 2.78332957e+003 2.78705479e+003 2.85895875e+003 2.76846690e+003 2.78188049e+003 2.77645736e+003 2.79501870e+003 2.78329771e+003 2.78602282e+003 2.78292278e+003 2.77610838e+003 2.79028539e+003 2.78097308e+003 2.87183911e+003 2.78480380e+003 2.77023059e+003 2.79353879e+003 2.78281003e+003
 7.75299975e+001 7.80448181e+001 8.01745122e+001 7.67978213e+001 7.76290693e+001 7.82311495e+001 7.68252258e+001 7.71421848e+001 7.77786378e+001 7.75950611e+001 7.78813320e+001 7.71794990e+001 7.72269212e+001 8.09604246e+001 7.73402792e+001 7.84968642e+001 7.72790091e+001 7.76111105e+001
 1.23361765e+002 1.23363138e+002 1.20875390e+002 1.23368212e+002 1.23364422e+002 1.23364673e+002 1.23376703e+002 1.23363875e+002 1.23372643e+002 1.23369513e+002 1.23358889e+002 1.23369524e+002 1.23380479e+002 1.23349005e+002 1.23368076e+002 1.23361368e+002 1.23371388e+002 1.23371276e+002
 3.46540309e-001 3.29138119e-001 3.40912710e-001 3.47353269e-001 3.48063001e-001 3.46852232e-001 3.48140818e-001 3.45790299e-001 3.47975114e-001 3.46645755e-001 3.45477028e-001 3.48155833e-001 3.59711756e-001 3.49687513e-001 3.47021115e-001 3.45277381e-001 3.47866814e-001 3.46930033e-001
 8.18986502e+001 8.17533394e+001 7.36564190e+001 8.22770851e+001 8.19224704e+001 8.20681803e+001 8.15794419e+001 8.19971866e+001 8.19088959e+001 8.19013693e+001 8.20798352e+001 8.17377454e+001 8.20096256e+001 7.95400185e+001 8.18661488e+001 8.22165030e+001 8.15856061e+001 8.18939753e+001
 5.08485976e+001 5.10791295e+001 5.14771230e+001 5.12417586e+001 5.11271025e+001 5.12708330e+001 5.12646057e+001 5.11920706e+001 5.14053603e+001 5.14815070e+001 5.12985391e+001 5.25167337e+001 5.11161365e+001 5.09466098e+001 5.10947576e+001 5.12760070e+001 5.10048539e+001 5.11122521e+001
 2.71061006e+003 2.71456312e+003 2.78867453e+003 2.69510045e+003 2.70896367e+003 2.70302014e+003 2.72311986e+003 2.70907893e+003 2.71351733e+003 2.71002429e+003 2.70283785e+003 2.71811780e+003 2.70818580e+003 2.80283050e+003 2.71178137e+003 2.69629683e+003 2.72151475e+003 2.70976955e+003
 2.58005539e+001 2.58650392e+001 2.57827236e+001 2.58006615e+001 2.57231444e+001 2.61008087e+001 2.57955880e+001 2.57218212e+001 2.58053039e+001 2.57983824e+001 2.56721418e+001 2.55981104e+001 2.59379020e+001 2.56601213e+001 2.58297174e+001 2.55847773e+001 2.55892273e+001 2.57385643e+001
 5.13208366e+001 5.11840673e+001 5.11580157e+001 5.11398934e+001 5.11713160e+001 5.13070227e+001 5.11275874e+001 5.10298374e+001 5.08906447e+001 5.12660540e+001 4.86623310e+001 5.14440275e+001 5.14081733e+001 5.10524525e+001 5.10102447e+001 5.11440164e+001 5.13913314e+001 5.13837899e+001
 3.18900650e+003 3.19263442e+003 3.24979391e+003 3.17745675e+003 3.18816253e+003 3.18664814e+003 3.19648522e+003 3.19739574e+003 3.19152469e+003 3.18906334e+003 3.18464168e+003 3.19411143e+003 3.18683575e+003 3.25871945e+003 3.19251106e+003 3.18294461e+003 3.19529370e+003 3.18921991e+003
 2.36200713e+001 2.34692074e+001 2.32448756e+001 2.34961399e+001 2.35143873e+001 2.35269345e+001 2.35104482e+001 2.34344079e+001 2.33965493e+001 2.36265663e+001 2.36155356e+001 2.35050022e+001 2.35071489e+001 2.34033871e+001 2.35109710e+001 2.33943975e+001 2.33192748e+001 2.35981265e+001
 6.71112865e+001 6.70145342e+001 6.10491910e+001 6.73397617e+001 6.71704925e+001 6.71173381e+001 6.69798196e+001 6.70511965e+001 6.70867973e+001 6.70511614e+001 6.71965665e+001 6.70564693e+001 6.71971927e+001 6.58298158e+001 6.70647345e+001 6.71515051e+001 6.69938682e+001 6.71044243e+001
 2.34042000e+002 2.34523194e+002 2.72041530e+002 2.33089069e+002 2.35994962e+002 2.34373286e+002 2.34891991e+002 2.34518813e+002 2.33361227e+002 2.32347723e+002 2.34314604e+002 2.34332737e+002 2.33867387e+002 2.40028943e+002 2.34703474e+002 2.34415237e+002 2.34796757e+002 2.34375984e+002
 3.51223312e+002 3.51337395e+002 3.56281036e+002 3.48337817e+002 3.50632079e+002 3.48057649e+002 3.54170331e+002 3.44487565e+002 3.51503982e+002 3.50909611e+002 3.48866457e+002 3.52900976e+002 3.51325158e+002 3.63884900e+002 3.49625680e+002 3.45864086e+002 3.54164435e+002 3.50722231e+002
 7.92814325e+001 7.92970319e+001 7.80465034e+001 7.93757716e+001 7.92966551e+001 7.93154909e+001 7.93868476e+001 7.94872511e+001 7.92702212e+001 7.92820058e+001 7.93942133e+001 7.92093652e+001 7.92583841e+001 7.90537457e+001 7.93325939e+001 7.93726334e+001 7.93120228e+001 7.92896855e+001
 7.91769705e+001 7.90403357e+001 7.35052568e+001 7.92530392e+001 7.91347180e+001 7.90508950e+001 7.91868690e+001 7.90267132e+001 7.91981896e+001 7.91352684e+001 7.91365004e+001 7.91757448e+001 7.92900450e+001 7.86642178e+001 7.91074565e+001 7.90154390e+001 7.91131739e+001 7.91233383e+001
 3.31412594e+001 3.30083678e+001 3.33605780e+001 3.28962444e+001 3.30753645e+001 3.29583057e+001 3.33107744e+001 3.22529605e+001 3.30781854e+001 3.31404083e+001 3.29554539e+001 3.32303338e+001 3.31376267e+001 3.38705314e+001 3.28135242e+001 3.28531808e+001 3.32607190e+001 3.30485244e+001
 9.04866593e+000 9.11432637e+000 8.75841866e+000 9.09622383e+000 9.06330221e+000 9.05846168e+000 9.03961232e+000 9.10542733e+000 9.01262810e+000 9.03927782e+000 9.07741714e+000 9.06208041e+000 9.02839949e+000 8.83273613e+000 9.03862640e+000 9.11761785e+000 9.07293142e+000 9.07372342e+000
 2.70450169e+001 2.70489623e+001 2.76323212e+001 2.68567420e+001 2.70103692e+001 2.68929228e+001 2.73517051e+001 2.75380566e+001 2.70670112e+001 2.71542296e+001 2.69330643e+001 2.73029186e+001 2.71206385e+001 2.86061143e+001 2.72280907e+001 2.65547498e+001 2.72429578e+001 2.70650909e+001
 7.04462133e+000 7.05710443e+000 7.24167178e+000 7.06784793e+000 7.06624717e+000 7.08891775e+000 7.00614665e+000 7.08319326e+000 7.05716403e+000 7.02650673e+000 7.09774381e+000 7.08954047e+000 7.05117000e+000 6.98562264e+000 7.07297043e+000 7.06607572e+000 7.03881347e+000 7.05516898e+000
 1.90897714e+001 1.91409626e+001 2.00678923e+001 1.93629804e+001 1.92151583e+001 1.95713731e+001 1.88806134e+001 1.93249763e+001 1.91848970e+001 1.91674232e+001 1.94186343e+001 1.89449750e+001 1.90981430e+001 1.77272795e+001 1.92398369e+001 1.98800867e+001 1.88845156e+001 1.91196918e+001
 1.78678513e+000 1.77678276e+000 1.48163611e+000 1.79712525e+000 1.78406421e+000 1.78044793e+000 1.77225998e+000 1.76066960e+000 1.84050343e+000 1.78303152e+000 1.78943693e+000 1.76478919e+000 1.77631931e+000 1.69200549e+000 1.77307741e+000 1.78601813e+000 1.76869241e+000 1.77181343e+000
 3.38763467e+001 3.39035495e+001 3.46017968e+001 3.36539910e+001 3.37812842e+001 3.36641936e+001 3.41687931e+001 3.27510392e+001 3.40158962e+001 3.38417279e+001 3.36910254e+001 3.40810514e+001 3.39158831e+001 3.50950421e+001 3.35560254e+001 3.34121563e+001 3.41795752e+001 3.37965073e+001
 1.40680708e+001 1.41837579e+001 1.35941977e+001 1.41711403e+001 1.41564694e+001 1.41588113e+001 1.40416518e+001 1.41198520e+001 1.40586966e+001 1.41141375e+001 1.40874842e+001 1.40747959e+001 1.40094654e+001 1.37846212e+001 1.40851588e+001 1.41466195e+001 1.40468748e+001 1.41173770e+001
 2.46411605e+001 2.45698299e+001 2.58224050e+001 2.43608521e+001 2.46236238e+001 2.42844021e+001 2.50712241e+001 2.53295131e+001 2.45626409e+001 2.46838117e+001 2.44160233e+001 2.48982009e+001 2.46562527e+001 2.68014293e+001 2.49235451e+001 2.39424198e+001 2.49397043e+001 2.46246997e+001
 1.30990468e+000 1.25408012e+000 1.59660078e+000 1.33373427e+000 1.25540603e+000 1.35511975e+000 1.28895141e+000 1.27256240e+000 1.28881646e+000 1.28053349e+000 1.30149425e+000 1.25800671e+000 1.25072511e+000 1.13526854e+000 1.28903063e+000 1.30588742e+000 1.24917799e+000 1.32500945e+000
 1.88771853e+001 1.89686170e+001 1.95072742e+001 1.91863316e+001 1.88869819e+001 1.94035319e+001 1.83511355e+001 1.93976729e+001 1.88265720e+001 1.89037554e+001 1.92423014e+001 1.85841097e+001 1.88133132e+001 1.68989948e+001 1.90676608e+001 1.97537118e+001 1.85015163e+001 1.88687829e+001
 2.43614542e+000 2.43310620e+000 1.94639954e+000 2.43577259e+000 2.43835878e+000 2.42795986e+000 2.41130355e+000 2.42976034e+000 2.50473309e+000 2.42045684e+000 2.42950014e+000 2.40762558e+000 2.42573420e+000 2.30762963e+000 2.41956959e+000 2.43230002e+000 2.41562240e+000 2.42652726e+000
 4.92396762e+000 4.88113809e+000 3.69363058e+000 4.99971993e+000 4.92371241e+000 4.94231521e+000 4.85893895e+000 4.96498492e+000 4.93135966e+000 4.93515975e+000 4.95479940e+000 4.89588234e+000 4.93633283e+000 4.50256503e+000 4.91796622e+000 4.94666228e+000 4.87494004e+000 4.92102200e+000
 2.30363394e+000 2.27407876e+000 1.67207365e+000 2.35393874e+000 2.34062735e+000 2.34359897e+000 2.29224578e+000 2.33396954e+000 2.31195700e+000 2.33279513e+000 2.34309274e+000 2.32091290e+000 2.34009704e+000 2.09971245e+000 2.32831989e+000 2.34677970e+000 2.29576005e+000 2.32957395e+000
 1.78277289e-002 1.43670944e-002 3.40203401e-002 2.02545972e-002 1.80768455e-002 1.68330128e-002 2.25612942e-002 1.73682772e-002 1.93191010e-002 1.69089864e-002 2.29071425e-002 2.05210713e-002 1.23229527e-002 1.87780270e-002 1.81818364e-002 2.15220424e-002 1.35041735e-002 1.94437187e-002
 8.58023835e-001 8.65809282e-001 1.29283669e+000 8.61342497e-001 8.59933188e-001 8.74697648e-001 8.40140145e-001 8.73765332e-001 8.44456469e-001 8.55199812e-001 8.71908831e-001 8.38312514e-001 8.53623771e-001 8.15045920e-001 8.63829986e-001 8.88297938e-001 8.42218096e-001 8.60519319e-001
 1.03416795e-001 1.03047549e-001 1.24993654e-001 1.03955559e-001 1.01604865e-001 1.08529898e-001 1.03870120e-001 1.02960326e-001 1.14390015e-001 1.00104675e-001 1.06013947e-001 1.00300756e-001 1.08559869e-001 1.09021844e-001 1.11812373e-001 1.01624870e-001 1.09738154e-001 1.07127478e-001
 5.58790067e+001 5.52749720e+001 5.55418109e+001 5.50594251e+001 5.52348094e+001 5.52489795e+001 5.52441548e+001 5.55548151e+001 5.52438009e+001 5.52855518e+001 5.51221533e+001 5.53553824e+001 5.53045457e+001 5.49826584e+001 5.50044190e+001 5.55185569e+001 5.49127361e+001 5.53547252e+001
 4.46897241e+001 4.47958753e+001 4.37382667e+001 4.43891652e+001 4.46427173e+001 4.47917161e+001 4.46616195e+001 4.42653980e+001 4.45075803e+001 4.47318588e+001 4.48674950e+001 4.47257686e+001 4.49463967e+001 4.48660699e+001 4.46329897e+001 4.46188543e+001 4.46315346e+001 4.49114367e+001
