 6.43291419e+001 6.40986583e+001 6.45515776e+001 6.43385623e+001 6.25613901e+001 6.21008334e+001 6.43223245e+001 6.40773425e+001 6.43398680e+001 6.44210720e+001 6.41109336e+001 6.45331320e+001 7.38419626e+001 6.45581193e+001 6.36828590e+001 6.43897020e+001 6.42050936e+001
 5.50880603e+001 5.45055174e+001 5.58653025e+001 5.49951415e+001 5.24462270e+001 5.83136213e+001 5.49705585e+001 5.40880485e+001 5.51939773e+001 5.54014276e+001 5.47604080e+001 5.59082924e+001 8.19980630e+001 5.56108595e+001 5.29445344e+001 5.57304517e+001 5.50233570e+001
 2.50143204e+001 2.87645952e+001 1.41892819e+001 2.57353024e+001 4.85191384e+001 1.29440806e+001 1.65139939e+001 3.21776445e+001 2.65652800e+001 1.95449949e+001 3.01963696e+001 1.99131284e+001 1.55434676e-002 2.17638487e+001 3.41471501e+001 2.29567417e+001 2.76765427e+001
 6.31591207e+001 6.23096237e+001 6.51596163e+001 6.20347985e+001 6.14375068e+001 6.22299582e+001 6.55059572e+001 6.28682563e+001 6.12154014e+001 6.43567619e+001 6.02502874e+001 6.10585225e+001 5.52249052e+001 6.16341451e+001 6.76066852e+001 6.00191694e+001 6.17948395e+001
 2.49095287e+001 1.97699243e+001 3.70031303e+001 2.00508925e+001 5.92119585e+000 3.46982224e+001 3.74490931e+001 1.94507101e+001 1.70875744e+001 3.42087975e+001 1.09630466e+001 2.14071214e+001 -5.23873837e-002 2.21572224e+001 3.83668131e+001 1.56032928e+001 1.85487420e+001
 4.08036065e+001 3.99680754e+001 3.53560862e+001 4.10162821e+001 4.45849469e+001 3.54267166e+001 3.76772434e+001 4.24630835e+001 4.11207526e+001 3.82695458e+001 4.22607783e+001 3.93230566e+001 1.18567442e-001 3.95880167e+001 3.92947994e+001 3.99522339e+001 4.15540216e+001
 3.85313060e+001 3.90028636e+001 3.68062761e+001 3.82983601e+001 4.25721685e+001 3.82682101e+001 3.71632420e+001 3.93229376e+001 3.95442615e+001 3.72688091e+001 4.03344400e+001 3.89745543e+001 3.70759226e+001 3.86515212e+001 3.67120186e+001 4.06277417e+001 3.96845696e+001
 4.71980542e+001 4.69252948e+001 4.66419490e+001 4.74694163e+001 4.84095656e+001 4.73561276e+001 4.68256490e+001 4.75871313e+001 4.73288101e+001 4.76271490e+001 4.76845527e+001 4.75765354e+001 4.60301886e+001 4.77380013e+001 4.68934727e+001 4.77380410e+001 4.77471850e+001
 4.25759608e+001 5.76304999e+001 4.79337575e+001 5.12930579e+001 7.88929421e+001 5.39623366e+001 7.43921684e+001 5.06207958e+001 4.83074919e+001 4.97621157e+001 4.99514841e+001 4.77670766e+001 -4.01760742e-003 4.87423691e+001 6.97949327e+001 5.05099362e+001 4.83500021e+001
 4.22686767e+001 4.16778812e+001 4.30332929e+001 4.15383071e+001 4.02136724e+001 4.08981393e+001 4.29750565e+001 4.20965904e+001 4.09649553e+001 4.28984885e+001 4.00011791e+001 4.08582042e+001 -6.73502027e-003 4.13311070e+001 4.38398021e+001 3.99332440e+001 4.14108940e+001
 1.79220407e+001 1.82336676e+001 1.90649520e+001 1.88139300e+001 2.03108611e+001 2.11752623e+001 1.88870879e+001 1.80498925e+001 1.91660918e+001 1.81970328e+001 1.97564972e+001 1.97491627e+001 3.20654680e+001 1.92109581e+001 1.73121436e+001 2.02393274e+001 1.88044730e+001
 5.10000000e+001 5.10000000e+001 5.10000000e+001 5.10000000e+001 5.10000000e+001 5.10000000e+001 5.10000000e+001 5.10000000e+001 5.10000000e+001 5.10000000e+001 5.10000000e+001 5.10000000e+001 5.10000000e+001 5.10000000e+001 5.10000000e+001 5.10000000e+001 5.10000000e+001
 2.74779312e+001 2.74056305e+001 2.73885716e+001 2.74774693e+001 2.74013612e+001 2.74177389e+001 2.74235022e+001 2.74533569e+001 2.74672753e+001 2.74350527e+001 2.74267712e+001 2.74064532e+001 2.73285331e+001 2.73902033e+001 2.74489134e+001 2.74036984e+001 2.74144135e+001
 4.32309887e+001 4.32236239e+001 4.31404654e+001 4.31153832e+001 4.35525759e+001 4.30265609e+001 4.32704322e+001 4.33051069e+001 4.31233728e+001 4.32524788e+001 4.30808791e+001 4.30034522e+001 4.31974470e+001 4.31319902e+001 4.35342158e+001 4.29817771e+001 4.31594076e+001
 2.77279531e+003 2.72407774e+003 3.01827088e+003 2.74573508e+003 2.57283373e+003 3.00696685e+003 2.98522241e+003 2.68462559e+003 2.74110197e+003 2.88160350e+003 2.70762784e+003 2.82289400e+003 3.06004694e+003 2.80500232e+003 2.82248677e+003 2.78429983e+003 2.73006916e+003
 7.56511637e+001 7.48552641e+001 7.66996247e+001 7.72262103e+001 6.41943965e+001 8.33191709e+001 7.43602764e+001 7.18099479e+001 7.83142674e+001 7.61802817e+001 7.78915077e+001 8.22343578e+001 7.79103286e+001 8.03309994e+001 6.02524649e+001 8.21108703e+001 7.67679353e+001
 1.22808397e+002 1.22817787e+002 1.22790914e+002 1.22807751e+002 1.22893289e+002 1.22779250e+002 1.22795813e+002 1.22827978e+002 1.22806674e+002 1.22798130e+002 1.22810083e+002 1.22786847e+002 1.22797867e+002 1.22794512e+002 1.22809822e+002 1.22786343e+002 1.22808393e+002
 3.50127221e-001 3.27725594e-001 3.63252758e-001 3.37707238e-001 3.29130032e-001 3.35598331e-001 3.70399327e-001 3.48834767e-001 3.28941327e-001 3.59691632e-001 3.19525717e-001 3.27444236e-001 3.60742319e-001 3.32030694e-001 3.91081298e-001 3.15004383e-001 3.36920440e-001
 8.14078929e+001 8.25164442e+001 7.52387600e+001 8.20169656e+001 8.56782924e+001 7.41717590e+001 7.61494554e+001 8.35088645e+001 8.21038864e+001 7.87770313e+001 8.30009918e+001 7.98875122e+001 7.43359219e+001 8.04254205e+001 8.05520202e+001 8.09374769e+001 8.23904533e+001
 5.08876288e+001 5.10478668e+001 5.03014535e+001 5.08084724e+001 5.22607374e+001 5.07982272e+001 5.04227526e+001 5.11566298e+001 5.12318370e+001 5.04586250e+001 5.30303442e+001 5.10382471e+001 5.03930810e+001 5.09284786e+001 5.02694243e+001 5.16000098e+001 5.12795145e+001
 2.70199992e+003 2.64933561e+003 2.95912102e+003 2.67062484e+003 2.48683120e+003 2.94126587e+003 2.92339278e+003 2.61027125e+003 2.66330993e+003 2.81738781e+003 2.62428818e+003 2.74781684e+003 3.00173325e+003 2.73098579e+003 2.76254942e+003 2.70401894e+003 2.65400249e+003
 2.53687022e+001 2.62195179e+001 2.37222284e+001 2.60436795e+001 2.83613448e+001 2.48263314e+001 2.40338542e+001 2.59176907e+001 2.65146680e+001 2.43649691e+001 2.71949187e+001 2.59527969e+001 2.26729657e+001 2.57798729e+001 2.45872839e+001 2.62261089e+001 2.61787019e+001
 5.08847911e+001 5.07669322e+001 5.06444988e+001 5.10020464e+001 5.14082837e+001 5.09530945e+001 5.07238753e+001 5.10529109e+001 5.09412906e+001 4.85202025e+001 5.10950065e+001 5.10483324e+001 5.03801579e+001 5.11181016e+001 5.07531819e+001 5.11181188e+001 5.11220699e+001
 3.16860709e+003 3.14017697e+003 3.35409030e+003 3.16229708e+003 3.04425538e+003 3.37427015e+003 3.33581311e+003 3.09872656e+003 3.17219210e+003 3.24280248e+003 3.16716118e+003 3.23975647e+003 3.39280397e+003 3.21667636e+003 3.16047567e+003 3.22759564e+003 3.15261217e+003
 2.35543443e+001 2.36461480e+001 2.31636073e+001 2.33857532e+001 2.39242087e+001 2.31396219e+001 2.32474151e+001 2.35684464e+001 2.34423425e+001 2.33379985e+001 2.35165463e+001 2.33403740e+001 2.32689022e+001 2.33826119e+001 2.35025061e+001 2.33808995e+001 2.34391687e+001
 6.61474155e+001 6.85603896e+001 6.42850070e+001 6.74590040e+001 7.12958904e+001 6.39306257e+001 6.83859531e+001 6.82503004e+001 6.67961345e+001 6.62185893e+001 6.69824075e+001 6.55751320e+001 6.41803628e+001 6.61865062e+001 7.00347809e+001 6.60911431e+001 6.71342660e+001
 2.12230567e+002 2.67381466e+002 2.51256346e+002 2.46685348e+002 3.35495268e+002 2.85114788e+002 3.46982497e+002 2.36940216e+002 2.36337810e+002 2.47167408e+002 2.42654669e+002 2.41614725e+002 2.63651269e+002 2.42106820e+002 3.09764402e+002 2.52012818e+002 2.34093831e+002
 3.55957508e+002 3.39260416e+002 3.81428428e+002 3.38463503e+002 2.73050491e+002 3.63924321e+002 3.77226174e+002 3.40341929e+002 3.25286926e+002 3.76497746e+002 2.96698787e+002 3.37069310e+002 3.79930652e+002 3.42002980e+002 3.92895391e+002 3.14134747e+002 3.33041496e+002
 9.63498844e+001 9.66054137e+001 9.59812326e+001 9.66599312e+001 9.73266343e+001 9.69233911e+001 9.60235167e+001 9.64320560e+001 9.69171158e+001 9.60654740e+001 9.73458619e+001 9.69421807e+001 9.60006871e+001 9.67388227e+001 9.56705882e+001 9.73565735e+001 9.67175952e+001
 7.90549897e+001 7.87062186e+001 7.81411742e+001 7.85603510e+001 7.73831022e+001 7.61308289e+001 7.83543452e+001 7.93284597e+001 7.80190139e+001 7.89553458e+001 7.73855361e+001 7.74290947e+001 7.76950704e+001 7.79196208e+001 8.05967262e+001 7.69331559e+001 7.84815678e+001
 3.34663992e+001 3.25267385e+001 3.67801279e+001 3.20263239e+001 3.17663613e+001 3.35948466e+001 3.55178297e+001 3.31213704e+001 3.09042599e+001 3.55578822e+001 2.92837021e+001 3.09443140e+001 3.66322415e+001 3.15842275e+001 3.93027463e+001 2.93617886e+001 3.17067305e+001
 8.98539636e+000 9.66119848e+000 8.36411260e+000 9.11535841e+000 9.69622497e+000 8.55606399e+000 8.50522526e+000 9.28813036e+000 9.16723757e+000 8.70997757e+000 9.34138758e+000 8.99405237e+000 8.22435032e+000 8.99483994e+000 9.14311224e+000 9.14273644e+000 9.17451434e+000
 2.70570066e+001 2.53137180e+001 3.02019352e+001 2.68323565e+001 1.80895331e+001 3.15174987e+001 3.06074860e+001 2.46010388e+001 2.68290371e+001 2.84484872e+001 2.58792254e+001 2.90111741e+001 3.10476922e+001 2.84273177e+001 2.38848020e+001 2.80801900e+001 2.64464193e+001
 6.97727880e+000 7.06076474e+000 6.67132076e+000 7.09347406e+000 7.30663311e+000 6.60913245e+000 6.72991775e+000 7.06201756e+000 7.15876659e+000 6.81563201e+000 7.31928886e+000 7.14902084e+000 6.69187434e+000 7.05845570e+000 6.67628421e+000 7.23272312e+000 7.09264922e+000
 1.85541032e+001 2.02532621e+001 1.40507465e+001 1.99564032e+001 2.73624556e+001 1.63104172e+001 1.46038472e+001 2.02557163e+001 2.08791371e+001 1.59723227e+001 2.32765676e+001 1.95951154e+001 1.36529120e+001 1.93080169e+001 1.56635434e+001 2.15840498e+001 2.04896402e+001
 1.68012219e+000 1.80695675e+000 1.52840829e+000 1.67631979e+000 2.07371976e+000 1.47116526e+000 1.54988907e+000 1.79411835e+000 1.65753628e+000 1.63273724e+000 1.68279878e+000 1.59260342e+000 1.49506719e+000 1.61830508e+000 1.90123887e+000 1.60661464e+000 1.69999853e+000
 3.46678692e+001 3.31145118e+001 3.95773769e+001 3.24204866e+001 3.21167390e+001 3.47209290e+001 3.75916346e+001 3.40574026e+001 3.06598333e+001 3.77467136e+001 2.82613479e+001 3.09336617e+001 3.94284449e+001 3.18840188e+001 4.32665810e+001 2.85268630e+001 3.18504118e+001
 1.40586132e+001 1.49868191e+001 1.29754160e+001 1.41773705e+001 1.51881775e+001 1.32396711e+001 1.32455817e+001 1.45046395e+001 1.42320638e+001 1.35627292e+001 1.45132339e+001 1.39387801e+001 1.27808902e+001 1.39618408e+001 1.43345750e+001 1.41686670e+001 1.42756742e+001
 2.45821273e+001 2.21714791e+001 2.91895284e+001 2.44093847e+001 1.09701952e+001 3.15279122e+001 2.97190464e+001 2.10292181e+001 2.47332977e+001 2.64752480e+001 2.31513649e+001 2.77263441e+001 3.05247834e+001 2.68635905e+001 1.93091975e+001 2.66407142e+001 2.37346277e+001
 1.24096212e+000 1.41475436e+000 8.11993895e-001 1.34636412e+000 1.96407685e+000 9.15623067e-001 7.87204469e-001 1.37782852e+000 1.46737561e+000 9.28989740e-001 1.72646285e+000 1.35750401e+000 7.82596990e-001 1.33565930e+000 9.16557648e-001 1.58362261e+000 1.42711609e+000
 1.80745995e+001 2.04875727e+001 1.17370674e+001 2.00815166e+001 3.06348860e+001 1.42009392e+001 1.24576834e+001 2.08021846e+001 2.13900578e+001 1.43931740e+001 2.45831743e+001 1.92733002e+001 1.11884214e+001 1.88702193e+001 1.43385147e+001 2.20671432e+001 2.08092185e+001
 2.29746336e+000 2.46669678e+000 2.05455930e+000 2.30716666e+000 2.88698763e+000 1.93295037e+000 2.08353089e+000 2.46998924e+000 2.27372310e+000 2.21569937e+000 2.29209889e+000 2.12602669e+000 1.99546981e+000 2.17514923e+000 2.61607690e+000 2.16304059e+000 2.32143983e+000
 4.89358344e+000 5.06288527e+000 3.92803562e+000 4.96168226e+000 5.47157246e+000 3.54466006e+000 4.09156581e+000 5.30131006e+000 4.93751459e+000 4.49377060e+000 5.03768369e+000 4.53314214e+000 3.74679835e+000 4.64316776e+000 4.89917779e+000 4.65692150e+000 5.03444567e+000
 2.33977573e+000 2.41237189e+000 1.86614574e+000 2.35518321e+000 2.66687256e+000 1.77757493e+000 1.91692966e+000 2.53786049e+000 2.31744466e+000 2.14556898e+000 2.36266965e+000 2.11207651e+000 1.77143544e+000 2.18648135e+000 2.44346376e+000 2.15074591e+000 2.37718477e+000
 2.36098598e-002 2.60986471e-002 1.10426435e-002 2.01555925e-002 2.96238163e-002 2.37903299e-002 9.89021138e-003 2.00193461e-002 1.88055777e-002 1.85704519e-002 2.73424650e-002 1.65257942e-002 1.42741209e-002 2.33310520e-002 1.01840097e-002 1.96069311e-002 1.90902321e-002
 8.30807758e-001 9.03477893e-001 5.93304474e-001 9.02206882e-001 1.40508911e+000 8.12334400e-001 5.83576880e-001 9.02304487e-001 9.97397866e-001 6.69357603e-001 1.17348021e+000 9.60117269e-001 5.94837532e-001 9.03169955e-001 6.05768451e-001 1.09804658e+000 9.43257237e-001
 1.09560818e-001 1.04535007e-001 1.01972346e-001 1.00995323e-001 1.19757372e-001 1.15883479e-001 8.63167672e-002 1.00596478e-001 1.03036917e-001 9.88365109e-002 1.09838475e-001 1.05911217e-001 1.02451327e-001 1.02031297e-001 1.00551547e-001 1.07129984e-001 1.03345767e-001
 5.46862054e+001 5.49829220e+001 5.46868754e+001 5.51418760e+001 5.42716277e+001 5.29408486e+001 5.44900718e+001 5.48379268e+001 5.50060453e+001 5.46098265e+001 5.53227145e+001 5.50634811e+001 5.43062755e+001 5.48484402e+001 5.35716014e+001 5.53081888e+001 5.46461629e+001
 4.48936551e+001 4.47650691e+001 4.52696825e+001 4.45736649e+001 4.46106709e+001 4.66125478e+001 4.50844167e+001 4.49416156e+001 4.44424947e+001 4.50342957e+001 4.38185734e+001 4.44890783e+001 4.49387704e+001 4.44309771e+001 4.62269013e+001 4.40503365e+001 4.46415288e+001
