 6.30149788e+001 6.31494222e+001 6.29323648e+001 6.30815778e+001 6.30228695e+001 6.30520577e+001 6.28254643e+001 6.31617086e+001 6.30212536e+001 6.30874859e+001 6.30282494e+001 6.32272076e+001 6.30110566e+001 6.31089116e+001 6.31011979e+001 6.29484405e+001 6.27737933e+001 6.30601701e+001
 5.39930891e+001 5.40711044e+001 5.39589932e+001 5.41107077e+001 5.40917540e+001 5.43247365e+001 5.40342716e+001 5.39795586e+001 5.41309303e+001 5.39914031e+001 5.39772259e+001 5.40382986e+001 5.40475585e+001 5.41424117e+001 5.40241159e+001 5.44935891e+001 5.40820841e+001 5.40836088e+001
 2.51629972e+001 2.50764913e+001 2.46796013e+001 2.51657247e+001 2.50114882e+001 2.53193440e+001 2.51239047e+001 2.25420076e+001 2.52074415e+001 2.52949438e+001 2.51572564e+001 2.50424520e+001 2.51173568e+001 2.46025516e+001 2.41927604e+001 2.52859244e+001 2.50983066e+001 2.51996680e+001
 6.12750524e+001 6.15337157e+001 6.12007173e+001 6.12896878e+001 6.14074728e+001 6.15239946e+001 6.14464053e+001 6.14550723e+001 6.14188091e+001 6.14041854e+001 6.13569517e+001 6.15715795e+001 6.15141270e+001 6.26518544e+001 6.13995397e+001 6.14075682e+001 6.13840117e+001 6.14483608e+001
 2.02252867e+001 2.02560647e+001 2.47173239e+001 1.99188607e+001 2.02685762e+001 2.00179591e+001 2.05269956e+001 1.98169664e+001 1.93929495e+001 2.02461060e+001 2.02258105e+001 2.03611692e+001 2.02164683e+001 2.29708708e+001 1.99948875e+001 1.97486733e+001 2.06283340e+001 2.02298546e+001
 4.09320198e+001 3.95545239e+001 3.92198146e+001 4.09718602e+001 4.08363638e+001 4.09674097e+001 4.08051156e+001 4.09872413e+001 4.11699022e+001 4.08663112e+001 4.09088102e+001 4.08862821e+001 4.24548068e+001 3.99272237e+001 4.10125055e+001 4.08655072e+001 4.07788031e+001 4.08929234e+001
 3.73393007e+001 3.81028531e+001 3.79250871e+001 3.82453053e+001 3.74898527e+001 3.79971708e+001 3.75428942e+001 3.77497021e+001 3.79404425e+001 3.77391555e+001 3.71764663e+001 3.79192158e+001 3.82518462e+001 3.72637003e+001 3.77856883e+001 3.80073894e+001 3.75565550e+001 3.77253528e+001
 4.69057837e+001 4.62409156e+001 4.63526306e+001 4.64543329e+001 4.63296427e+001 4.64172862e+001 4.57614087e+001 4.64933451e+001 4.64707212e+001 4.65979331e+001 4.66167264e+001 4.63788411e+001 4.61445389e+001 4.65054053e+001 4.68954915e+001 4.69954579e+001 4.60795873e+001 4.58198174e+001
 4.79070452e+001 4.79313802e+001 4.65121165e+001 4.79296083e+001 4.80498819e+001 4.79369026e+001 4.79090803e+001 4.79031574e+001 4.81494163e+001 4.74809407e+001 4.79485267e+001 4.79253898e+001 4.79755332e+001 4.76867196e+001 4.79323366e+001 4.79226549e+001 4.78880351e+001 4.79394071e+001
 5.77603103e+001 5.78180290e+001 5.85168588e+001 5.76033376e+001 5.77728860e+001 5.78346467e+001 5.75872724e+001 5.75464698e+001 5.75559577e+001 5.78025455e+001 5.76837135e+001 5.78336936e+001 5.77258262e+001 5.88877875e+001 5.77204416e+001 5.78140447e+001 5.75589997e+001 5.77734848e+001
 1.70939331e+001 1.70938991e+001 1.99025689e+001 1.72249668e+001 1.69631892e+001 1.68089267e+001 1.70513861e+001 1.72277169e+001 1.70571758e+001 1.71358183e+001 1.73618912e+001 1.73603320e+001 1.68651520e+001 1.70135986e+001 1.70940252e+001 1.72206740e+001 1.70147324e+001 1.69407504e+001
 5.00000000e+001 5.00000000e+001 5.00000000e+001 5.00000000e+001 5.00000000e+001 5.00000000e+001 5.00000000e+001 5.00000000e+001 5.00000000e+001 5.00000000e+001 5.00000000e+001 5.00000000e+001 5.00000000e+001 5.00000000e+001 5.00000000e+001 5.00000000e+001 5.00000000e+001 5.00000000e+001
 2.69346207e+001 2.69852717e+001 2.69338047e+001 2.69232996e+001 2.68840028e+001 2.69136639e+001 2.68713567e+001 2.69524911e+001 2.68959756e+001 2.69127816e+001 2.68958783e+001 2.69430192e+001 2.69472951e+001 2.69332977e+001 2.69143490e+001 2.69258624e+001 2.69105745e+001 2.69107086e+001
 4.23644734e+001 4.23537945e+001 4.22943459e+001 4.23233453e+001 4.24010870e+001 4.23432035e+001 4.22909292e+001 4.23895535e+001 4.23564115e+001 4.23587310e+001 4.22976150e+001 4.23146583e+001 4.23087947e+001 4.24838835e+001 4.23881424e+001 4.23562148e+001 4.22913315e+001 4.23731978e+001
 2.68022007e+003 2.68122068e+003 2.74727591e+003 2.67510853e+003 2.68021223e+003 2.67924201e+003 2.68307572e+003 2.67849856e+003 2.67113683e+003 2.68034971e+003 2.68132772e+003 2.67998397e+003 2.67881521e+003 2.72770675e+003 2.67919784e+003 2.67917084e+003 2.68456462e+003 2.68020451e+003
 7.45412937e+001 7.46487173e+001 7.59508365e+001 7.44507825e+001 7.46342415e+001 7.46775404e+001 7.44912068e+001 7.44772964e+001 7.44639268e+001 7.45462285e+001 7.50511942e+001 7.40108110e+001 7.43724700e+001 7.57473266e+001 7.45539826e+001 7.49075885e+001 7.42283669e+001 7.44107572e+001
 1.21231187e+002 1.21227454e+002 1.18860091e+002 1.21224196e+002 1.21233919e+002 1.21231811e+002 1.21224425e+002 1.21219877e+002 1.21596500e+002 1.21228608e+002 1.21225724e+002 1.21233605e+002 1.21224686e+002 1.21246915e+002 1.21235671e+002 1.21226202e+002 1.21231672e+002 1.21235264e+002
 3.37340251e-001 3.26480766e-001 3.39072237e-001 3.37273453e-001 3.37060427e-001 3.37309073e-001 3.36894238e-001 3.37072932e-001 3.37348872e-001 3.37408828e-001 3.37579550e-001 3.37979677e-001 3.49293365e-001 3.40692764e-001 3.37224501e-001 3.36214963e-001 3.36938897e-001 3.36725113e-001
 8.26557886e+001 8.26098478e+001 7.66840777e+001 8.27166759e+001 8.26346920e+001 8.26717824e+001 8.25450318e+001 8.26845298e+001 8.36027063e+001 8.26450456e+001 8.26997560e+001 8.25608244e+001 8.26835222e+001 8.16771093e+001 8.26807551e+001 8.26676209e+001 8.25211219e+001 8.26377781e+001
 4.97415105e+001 5.00009700e+001 4.99405641e+001 5.00493761e+001 4.97926689e+001 4.99650586e+001 4.98106927e+001 4.98809672e+001 4.99457819e+001 4.98773835e+001 4.96861784e+001 5.14385690e+001 5.00515987e+001 4.97158210e+001 4.98931956e+001 4.99685309e+001 4.98153347e+001 4.98726932e+001
 2.60769290e+003 2.60878883e+003 2.67813765e+003 2.60226669e+003 2.60785121e+003 2.60662300e+003 2.61079380e+003 2.60566712e+003 2.59802623e+003 2.60794819e+003 2.60886340e+003 2.60744901e+003 2.60630299e+003 2.65707492e+003 2.60652004e+003 2.60628808e+003 2.61239791e+003 2.60767547e+003
 2.49169442e+001 2.49581602e+001 2.50092439e+001 2.53895943e+001 2.50802919e+001 2.53989039e+001 2.49972008e+001 2.50558783e+001 2.53460526e+001 2.51430781e+001 2.50330427e+001 2.51619149e+001 2.50868839e+001 2.52556723e+001 2.51329909e+001 2.54707976e+001 2.49658525e+001 2.52015437e+001
 5.01606471e+001 4.98733584e+001 4.99216303e+001 4.99655758e+001 4.99116973e+001 4.99495680e+001 4.96661641e+001 4.99824329e+001 4.99726571e+001 5.00276252e+001 4.75357458e+001 4.99329558e+001 4.98317142e+001 4.99876441e+001 5.01561999e+001 5.01993952e+001 4.98036487e+001 4.96914024e+001
 3.08469772e+003 3.08608266e+003 3.13691857e+003 3.08032440e+003 3.08479464e+003 3.08503932e+003 3.08655120e+003 3.08500321e+003 3.07906512e+003 3.08505668e+003 3.08613096e+003 3.08391998e+003 3.08342741e+003 3.12414849e+003 3.08486293e+003 3.08624352e+003 3.08740285e+003 3.08470906e+003
 2.30370255e+001 2.30402807e+001 2.25641620e+001 2.29838639e+001 2.30941983e+001 2.31632457e+001 2.30603343e+001 2.29897375e+001 2.29584078e+001 2.30195350e+001 2.28964680e+001 2.29425346e+001 2.31239718e+001 2.30732264e+001 2.30421290e+001 2.30001713e+001 2.30715616e+001 2.31003073e+001
 6.75145883e+001 6.74941182e+001 6.33618534e+001 6.75670851e+001 6.75202657e+001 6.75073188e+001 6.74680012e+001 6.75071620e+001 6.81606149e+001 6.74546319e+001 6.75517157e+001 6.74774796e+001 6.75416286e+001 6.69099146e+001 6.75170808e+001 6.74730172e+001 6.74577826e+001 6.75099196e+001
 2.20014191e+002 2.20217834e+002 2.40759691e+002 2.20218850e+002 2.20737439e+002 2.20120783e+002 2.20472295e+002 2.20514572e+002 2.16575945e+002 2.18417896e+002 2.19794295e+002 2.20270975e+002 2.19711461e+002 2.22978280e+002 2.20260826e+002 2.20418051e+002 2.20718820e+002 2.20135326e+002
 3.35685636e+002 3.35632485e+002 3.44182777e+002 3.34745613e+002 3.35746664e+002 3.34968538e+002 3.36471845e+002 3.34007892e+002 3.32623220e+002 3.35776266e+002 3.35474409e+002 3.36290492e+002 3.35533412e+002 3.43587171e+002 3.34772229e+002 3.34071385e+002 3.36932152e+002 3.35877884e+002
 7.78909950e+001 7.78632527e+001 7.64224045e+001 7.79386031e+001 7.78883646e+001 7.78633292e+001 7.79474324e+001 7.79618781e+001 7.81709240e+001 7.78741807e+001 7.79126713e+001 7.78626604e+001 7.78957466e+001 7.74802814e+001 7.79095716e+001 7.78621835e+001 7.79593266e+001 7.78826044e+001
 7.90886203e+001 7.89873524e+001 7.51374674e+001 7.90079964e+001 7.90419085e+001 7.90161308e+001 7.90564304e+001 7.90199085e+001 7.97197449e+001 7.90750684e+001 7.91128404e+001 7.90151481e+001 7.91024381e+001 7.90676058e+001 7.90450026e+001 7.89988672e+001 7.90351371e+001 7.90681304e+001
 3.19625526e+001 3.20097071e+001 3.22575194e+001 3.20034942e+001 3.20386656e+001 3.18605651e+001 3.19937721e+001 3.17519190e+001 3.19185003e+001 3.18980221e+001 3.19444182e+001 3.20055168e+001 3.19840606e+001 3.23829544e+001 3.17970772e+001 3.18830762e+001 3.19598793e+001 3.19492336e+001
 8.99706349e+000 9.00049171e+000 8.74538039e+000 8.96950177e+000 8.99988760e+000 9.01756905e+000 8.96289825e+000 8.97623641e+000 9.06367569e+000 8.97376724e+000 9.01672869e+000 9.00586189e+000 8.97791897e+000 8.88102370e+000 9.01796307e+000 9.01662662e+000 9.00472895e+000 9.00045824e+000
 2.61116456e+001 2.61746819e+001 2.66349089e+001 2.60327132e+001 2.61385997e+001 2.61480792e+001 2.61174987e+001 2.61374436e+001 2.60993447e+001 2.61367428e+001 2.61741579e+001 2.61579257e+001 2.61300514e+001 2.67440695e+001 2.62381617e+001 2.59593497e+001 2.61785391e+001 2.61125530e+001
 6.89477683e+000 6.81140680e+000 7.01396543e+000 6.85041607e+000 6.84638993e+000 6.82007080e+000 6.80995688e+000 6.86827024e+000 6.87466495e+000 6.82868519e+000 6.88798481e+000 6.84968845e+000 6.90200172e+000 6.79624156e+000 6.82177795e+000 6.87861882e+000 6.84923105e+000 6.84385601e+000
 1.85041521e+001 1.84522959e+001 1.87958819e+001 1.86444320e+001 1.84937298e+001 1.86150031e+001 1.84516283e+001 1.86495604e+001 1.84181341e+001 1.84374600e+001 1.86119744e+001 1.84544620e+001 1.83583488e+001 1.79907042e+001 1.84872781e+001 1.86790072e+001 1.83410333e+001 1.84907256e+001
 1.78957936e+000 1.79976955e+000 1.63357261e+000 1.79591021e+000 1.79385921e+000 1.79398459e+000 1.79523446e+000 1.78010030e+000 1.86108220e+000 1.79062505e+000 1.80351896e+000 1.77726227e+000 1.79382545e+000 1.76393201e+000 1.78871778e+000 1.79554265e+000 1.79822942e+000 1.79168086e+000
 3.26080424e+001 3.24849994e+001 3.34326218e+001 3.24276354e+001 3.26129830e+001 3.24532017e+001 3.26462163e+001 3.23345581e+001 3.23926474e+001 3.26352595e+001 3.24318178e+001 3.26447701e+001 3.25674958e+001 3.31740991e+001 3.23978214e+001 3.24412426e+001 3.26940870e+001 3.25963088e+001
 1.40046735e+001 1.39963153e+001 1.35702231e+001 1.40268296e+001 1.39721806e+001 1.40101043e+001 1.39512435e+001 1.40125625e+001 1.40550475e+001 1.39952762e+001 1.40109758e+001 1.40239135e+001 1.39218606e+001 1.38439227e+001 1.40266542e+001 1.39580419e+001 1.39578561e+001 1.39767114e+001
 2.35820042e+001 2.35889252e+001 2.44983579e+001 2.34779558e+001 2.36030963e+001 2.34587696e+001 2.36363919e+001 2.36541783e+001 2.34526480e+001 2.36129933e+001 2.35615072e+001 2.35149598e+001 2.35439782e+001 2.44673062e+001 2.35781705e+001 2.34475355e+001 2.36319303e+001 2.35567133e+001
 1.22294231e+000 1.23439931e+000 1.45022789e+000 1.23396622e+000 1.23890336e+000 1.22716632e+000 1.23667732e+000 1.24982014e+000 1.26570375e+000 1.22114182e+000 1.25562593e+000 1.17769919e+000 1.22932300e+000 1.12146340e+000 1.22288634e+000 1.19797587e+000 1.23779669e+000 1.23381012e+000
 1.82019093e+001 1.83296475e+001 1.84730382e+001 1.84783712e+001 1.83378518e+001 1.84500972e+001 1.82068531e+001 1.84482976e+001 1.80563517e+001 1.83631662e+001 1.83784539e+001 1.81659059e+001 1.82925330e+001 1.73821501e+001 1.83021555e+001 1.85226187e+001 1.83014016e+001 1.81772685e+001
 2.47533473e+000 2.47841213e+000 2.20527415e+000 2.47063422e+000 2.47308738e+000 2.47026570e+000 2.46764732e+000 2.48163539e+000 2.58104227e+000 2.48239846e+000 2.47904607e+000 2.46874849e+000 2.48416483e+000 2.43762360e+000 2.47538004e+000 2.47004492e+000 2.47511485e+000 2.47260563e+000
 5.33361675e+000 5.32556025e+000 4.46399425e+000 5.35577675e+000 5.32846548e+000 5.34053399e+000 5.30083037e+000 5.35056437e+000 5.53418074e+000 5.32437677e+000 5.34362050e+000 5.32869914e+000 5.33973112e+000 5.16126023e+000 5.32939253e+000 5.30129706e+000 5.30238322e+000 5.31531083e+000
 2.57154468e+000 2.56579167e+000 2.07887372e+000 2.58600617e+000 2.54649699e+000 2.57107363e+000 2.56020724e+000 2.57730699e+000 2.70378959e+000 2.57038053e+000 2.55708550e+000 2.57099991e+000 2.59866117e+000 2.51445973e+000 2.58213286e+000 2.59250057e+000 2.58360564e+000 2.59032929e+000
 1.91074140e-002 1.27481207e-002 1.81761902e-002 1.69537071e-002 1.65995276e-002 1.63570658e-002 2.13905077e-002 1.51728620e-002 1.46594743e-002 1.41156524e-002 1.78490164e-002 1.81539111e-002 1.68405321e-002 1.47049429e-002 1.96384956e-002 2.04711043e-002 2.06187390e-002 2.03005414e-002
 7.50629575e-001 7.53502537e-001 8.87012731e-001 7.55105119e-001 7.43970872e-001 7.49676512e-001 7.50857703e-001 7.52624331e-001 7.35063748e-001 7.52913332e-001 7.46122796e-001 7.44267759e-001 7.52552063e-001 7.25112519e-001 7.55155358e-001 7.56923207e-001 7.49121980e-001 7.49508741e-001
 9.30925521e-002 8.90019858e-002 1.03217597e-001 9.44943070e-002 9.35700106e-002 1.00287547e-001 1.00823064e-001 9.74209947e-002 8.90835618e-002 1.01149104e-001 9.94561416e-002 9.28718769e-002 9.91484713e-002 9.43854461e-002 9.17938491e-002 9.88528177e-002 9.44085683e-002 9.89863248e-002
 5.32283102e+001 5.33263942e+001 5.36815811e+001 5.33991542e+001 5.32382639e+001 5.35795073e+001 5.31718519e+001 5.37512095e+001 5.29083704e+001 5.34426369e+001 5.32891646e+001 5.35234798e+001 5.31803571e+001 5.35595169e+001 5.37038761e+001 5.34919510e+001 5.32828828e+001 5.33497605e+001
 4.40525641e+001 4.43200437e+001 4.39951910e+001 4.39865386e+001 4.42886642e+001 4.41272771e+001 4.44031201e+001 4.42837690e+001 4.41575362e+001 4.40864853e+001 4.37507609e+001 4.41979568e+001 4.47331237e+001 4.40282181e+001 4.42292180e+001 4.40017787e+001 4.44430278e+001 4.41394991e+001
