 6.46667872e+001 6.45510070e+001 6.41628657e+001 6.45277703e+001 6.45850501e+001 6.45761947e+001 6.38824448e+001 6.45321766e+001 6.46794990e+001 6.45462141e+001 6.46206394e+001 6.46347062e+001 6.47105153e+001 6.47449974e+001 6.46756210e+001 6.45842373e+001 6.44931286e+001 6.47391420e+001
 5.53842123e+001 5.52910733e+001 5.49008265e+001 5.52821140e+001 5.54092155e+001 5.58747198e+001 5.55344105e+001 5.51649711e+001 5.56388780e+001 5.53605466e+001 5.53027159e+001 5.54820200e+001 5.54385386e+001 5.59014248e+001 5.52787645e+001 5.55942643e+001 5.54741237e+001 5.54019322e+001
 2.56803460e+001 2.55900817e+001 2.43760027e+001 2.61055969e+001 2.56726138e+001 2.66544981e+001 2.44748147e+001 2.03883384e+001 2.43581720e+001 2.55330276e+001 2.60604143e+001 2.48787909e+001 2.52059471e+001 2.30981919e+001 2.55063625e+001 2.72516713e+001 2.48701161e+001 2.57676129e+001
 6.25536263e+001 6.23471358e+001 6.14408358e+001 6.23812742e+001 6.25507790e+001 6.20445265e+001 6.28645320e+001 6.28901614e+001 6.31610185e+001 6.24700870e+001 6.24238290e+001 6.27372508e+001 6.27491942e+001 6.19724050e+001 6.26658888e+001 6.19702843e+001 6.27170866e+001 6.25009508e+001
 2.24951283e+001 2.26047405e+001 2.46892777e+001 2.11210564e+001 2.26617030e+001 2.01438943e+001 2.50937753e+001 2.02232990e+001 2.54808943e+001 2.24429838e+001 2.14731018e+001 2.36998978e+001 2.26945790e+001 2.52145258e+001 2.21292388e+001 1.94287597e+001 2.40969725e+001 2.24553518e+001
 4.12022020e+001 3.82648561e+001 3.89009732e+001 4.16455482e+001 4.11622536e+001 4.19140351e+001 4.03846002e+001 4.13681687e+001 4.03827749e+001 4.12672962e+001 4.15930857e+001 4.06879441e+001 4.24702202e+001 3.97176807e+001 4.13390969e+001 4.20322883e+001 4.05849210e+001 4.13208954e+001
 3.90082622e+001 3.92878535e+001 4.00675311e+001 3.96736769e+001 3.91772651e+001 3.93893391e+001 3.81389112e+001 3.93805186e+001 3.91344421e+001 3.91406516e+001 3.80415678e+001 3.92569230e+001 3.87194116e+001 3.91622465e+001 3.98195043e+001 3.97352344e+001 3.86489515e+001 3.92105656e+001
 4.82329382e+001 4.79481792e+001 4.81711140e+001 4.75203603e+001 4.77326179e+001 4.77165547e+001 4.70079506e+001 4.75426699e+001 4.79121833e+001 4.79205708e+001 4.79823661e+001 4.76486113e+001 4.72542477e+001 4.78358576e+001 4.79268863e+001 4.74733265e+001 4.81515534e+001 4.81723866e+001
 4.76089450e+001 4.78857520e+001 5.05744123e+001 4.80060639e+001 4.84238192e+001 4.80181286e+001 4.77259392e+001 4.78957429e+001 4.72709219e+001 4.74342245e+001 4.78834923e+001 4.77025662e+001 4.77647803e+001 4.73819522e+001 4.79227257e+001 4.82501967e+001 4.76832020e+001 4.78606408e+001
 5.89759721e+001 5.88478027e+001 5.84685081e+001 5.86667612e+001 5.90028089e+001 5.85599182e+001 5.88044436e+001 5.82118867e+001 5.97125092e+001 5.89395025e+001 5.86895963e+001 5.92532561e+001 5.91118343e+001 5.83253382e+001 5.89074120e+001 5.83243855e+001 5.91011769e+001 5.90041672e+001
 1.85221073e+001 1.88546729e+001 2.42914811e+001 1.84216091e+001 1.85545081e+001 1.87604609e+001 1.84893694e+001 1.94128209e+001 1.85380793e+001 1.86541384e+001 1.85390863e+001 1.85156027e+001 1.84989705e+001 1.92813731e+001 1.88288608e+001 1.86001800e+001 1.85688748e+001 1.86675334e+001
 5.12500000e+001 5.12500000e+001 5.12500000e+001 5.12500000e+001 5.12500000e+001 5.12500000e+001 5.12500000e+001 5.12500000e+001 5.12500000e+001 5.12500000e+001 5.12500000e+001 5.12500000e+001 5.12500000e+001 5.12500000e+001 5.12500000e+001 5.12500000e+001 5.12500000e+001 5.12500000e+001
 2.76047250e+001 2.75101394e+001 2.75437289e+001 2.75754015e+001 2.75543461e+001 2.75632488e+001 2.75993153e+001 2.75694170e+001 2.75131597e+001 2.75986685e+001 2.75688071e+001 2.75477589e+001 2.75546446e+001 2.75555091e+001 2.75538536e+001 2.76159414e+001 2.75618560e+001 2.76183067e+001
 4.33429804e+001 4.33478968e+001 4.33845489e+001 4.34236044e+001 4.33373304e+001 4.33767974e+001 4.34171294e+001 4.33951554e+001 4.34573886e+001 4.33944238e+001 4.33892031e+001 4.33839107e+001 4.33889462e+001 4.33224115e+001 4.33945998e+001 4.32863935e+001 4.33856678e+001 4.33756554e+001
 2.76959512e+003 2.77411933e+003 2.81015208e+003 2.74838983e+003 2.77202254e+003 2.75132809e+003 2.80221006e+003 2.78395726e+003 2.81430352e+003 2.77104020e+003 2.75874804e+003 2.79017208e+003 2.77282211e+003 2.83012685e+003 2.77341325e+003 2.74035983e+003 2.79193624e+003 2.77033902e+003
 7.77636303e+001 7.81249332e+001 7.73587225e+001 7.63737097e+001 7.77377743e+001 7.84438651e+001 7.70158026e+001 7.68830361e+001 7.78040987e+001 7.77366249e+001 7.73734360e+001 7.78038343e+001 7.75350437e+001 8.21206211e+001 7.75121237e+001 7.84983233e+001 7.75264046e+001 7.79171837e+001
 1.23406571e+002 1.23399071e+002 1.20940578e+002 1.23401796e+002 1.23416894e+002 1.23399886e+002 1.23405627e+002 1.23395119e+002 1.23405799e+002 1.23398894e+002 1.23410246e+002 1.23404982e+002 1.23408133e+002 1.23377770e+002 1.23410470e+002 1.23401361e+002 1.23412712e+002 1.23404975e+002
 3.45357406e-001 3.21679387e-001 3.34038025e-001 3.44969209e-001 3.46044897e-001 3.43164205e-001 3.46469955e-001 3.41828178e-001 3.48501466e-001 3.45983553e-001 3.46732811e-001 3.45925273e-001 3.57520732e-001 3.41178342e-001 3.45071477e-001 3.43423428e-001 3.46331087e-001 3.46400837e-001
 8.21799414e+001 8.19798900e+001 7.43890047e+001 8.26931363e+001 8.21243599e+001 8.26369213e+001 8.12694444e+001 8.19445672e+001 8.10271252e+001 8.21127070e+001 8.24475109e+001 8.16522686e+001 8.21301801e+001 8.03437683e+001 8.21116241e+001 8.28962936e+001 8.15767100e+001 8.21459755e+001
 5.12349683e+001 5.13299750e+001 5.15949140e+001 5.14610801e+001 5.12923964e+001 5.13644604e+001 5.09395577e+001 5.13614632e+001 5.12778449e+001 5.12799550e+001 5.09064799e+001 5.28569647e+001 5.11368152e+001 5.12872930e+001 5.15106331e+001 5.14819977e+001 5.11128724e+001 5.13037122e+001
 2.69635919e+003 2.70104717e+003 2.73736315e+003 2.67427712e+003 2.69885868e+003 2.67625682e+003 2.73070239e+003 2.70836021e+003 2.74317249e+003 2.69764585e+003 2.68479047e+003 2.71774181e+003 2.69970289e+003 2.75813008e+003 2.69973299e+003 2.66454832e+003 2.71985444e+003 2.69694075e+003
 2.59676757e+001 2.59638156e+001 2.67689879e+001 2.59508653e+001 2.56999706e+001 2.61047903e+001 2.53696380e+001 2.56958703e+001 2.54149296e+001 2.58337909e+001 2.59138587e+001 2.62667988e+001 2.58449174e+001 2.57855138e+001 2.58460615e+001 2.62655419e+001 2.58696924e+001 2.60949739e+001
 5.14814268e+001 5.13583828e+001 5.14547127e+001 5.11735228e+001 5.12652390e+001 5.12582982e+001 5.09521112e+001 5.11831627e+001 5.13428290e+001 5.13464533e+001 4.88106549e+001 5.12289399e+001 5.10585359e+001 5.13098488e+001 5.13491822e+001 5.11531996e+001 5.14462606e+001 5.14552626e+001
 3.17762845e+003 3.18207243e+003 3.21103662e+003 3.16118795e+003 3.17954622e+003 3.16941503e+003 3.20053129e+003 3.20472516e+003 3.21212316e+003 3.17952530e+003 3.17068790e+003 3.19443229e+003 3.18019356e+003 3.22991110e+003 3.18369202e+003 3.16078816e+003 3.19416306e+003 3.17888440e+003
 2.35614024e+001 2.34772656e+001 2.33594221e+001 2.35864210e+001 2.35501896e+001 2.35201465e+001 2.35851546e+001 2.33084265e+001 2.35771132e+001 2.35139100e+001 2.35658935e+001 2.35772298e+001 2.35404251e+001 2.34802688e+001 2.34528118e+001 2.36015345e+001 2.35499699e+001 2.35050961e+001
 6.72169267e+001 6.71127687e+001 6.17879521e+001 6.75476154e+001 6.73053510e+001 6.73358018e+001 6.68595518e+001 6.69193525e+001 6.66197128e+001 6.71499920e+001 6.73594728e+001 6.69702224e+001 6.72417758e+001 6.61529980e+001 6.71861608e+001 6.74884187e+001 6.69729473e+001 6.72287061e+001
 2.32377615e+002 2.34130535e+002 2.84478627e+002 2.31954003e+002 2.35592278e+002 2.33630648e+002 2.34684925e+002 2.35640660e+002 2.34563043e+002 2.31632807e+002 2.33293494e+002 2.34386599e+002 2.32862216e+002 2.38405793e+002 2.33936180e+002 2.33602720e+002 2.34566494e+002 2.33480773e+002
 3.49018836e+002 3.49008392e+002 3.49495823e+002 3.44744232e+002 3.49435870e+002 3.40983469e+002 3.56163090e+002 3.38752076e+002 3.57358136e+002 3.48673964e+002 3.45712738e+002 3.52318690e+002 3.49608785e+002 3.53835658e+002 3.47414627e+002 3.38462921e+002 3.53654736e+002 3.48793420e+002
 7.94247497e+001 7.94669165e+001 7.83842451e+001 7.95352464e+001 7.94212129e+001 7.95776913e+001 7.94857948e+001 7.97025054e+001 7.91541727e+001 7.94323990e+001 7.95330863e+001 7.93177807e+001 7.93761312e+001 7.96444970e+001 7.94521473e+001 7.96665930e+001 7.93748577e+001 7.94149692e+001
 7.91873088e+001 7.89542919e+001 7.33010726e+001 7.92141404e+001 7.91702034e+001 7.90235705e+001 7.91044896e+001 7.88097596e+001 7.90284329e+001 7.91239799e+001 7.91693463e+001 7.90778694e+001 7.92255939e+001 7.84038818e+001 7.91023800e+001 7.90409813e+001 7.90804190e+001 7.91475377e+001
 3.29964836e+001 3.30374289e+001 3.28378817e+001 3.28909895e+001 3.29368780e+001 3.25593531e+001 3.32967588e+001 3.15667675e+001 3.33231985e+001 3.29442480e+001 3.27895845e+001 3.30229831e+001 3.30302910e+001 3.29898840e+001 3.27861664e+001 3.24369732e+001 3.31632446e+001 3.28760587e+001
 9.15773772e+000 9.26552914e+000 8.91554705e+000 9.14488685e+000 9.08775483e+000 9.17305438e+000 9.02111943e+000 9.03285585e+000 9.00388897e+000 9.09314225e+000 9.12830251e+000 9.06530900e+000 9.00549125e+000 8.99790734e+000 9.09371791e+000 9.15462179e+000 9.03514550e+000 9.08372771e+000
 2.67634420e+001 2.66732130e+001 2.71743198e+001 2.64471779e+001 2.69680475e+001 2.61607338e+001 2.76261472e+001 2.79118439e+001 2.77883513e+001 2.69469404e+001 2.65698627e+001 2.72634942e+001 2.70608974e+001 2.80357074e+001 2.70873670e+001 2.58688118e+001 2.74240216e+001 2.69321411e+001
 7.07058135e+000 7.06413038e+000 7.28640251e+000 7.13123280e+000 7.10042060e+000 7.09780022e+000 6.94449283e+000 7.10811864e+000 7.03577862e+000 7.05782096e+000 7.08392207e+000 7.02768511e+000 7.06385874e+000 7.07501964e+000 7.08005151e+000 7.13637457e+000 7.01307636e+000 7.04590715e+000
 1.93621576e+001 1.94574316e+001 2.08455506e+001 1.97075384e+001 1.93617308e+001 2.02453708e+001 1.86300979e+001 1.98518379e+001 1.83784610e+001 1.93285801e+001 1.96927799e+001 1.89218960e+001 1.91901910e+001 1.87121288e+001 1.95257265e+001 2.05607405e+001 1.87907500e+001 1.94711074e+001
 1.76430647e+000 1.78453655e+000 1.41146626e+000 1.78407179e+000 1.76768934e+000 1.78403147e+000 1.74647724e+000 1.75246529e+000 1.77484717e+000 1.75711276e+000 1.77798727e+000 1.73609825e+000 1.75393622e+000 1.67333560e+000 1.75482007e+000 1.78728145e+000 1.73617635e+000 1.76175032e+000
 3.37700443e+001 3.37352412e+001 3.38674369e+001 3.36177762e+001 3.39037854e+001 3.32066438e+001 3.44047949e+001 3.16822005e+001 3.44176737e+001 3.37560956e+001 3.34095588e+001 3.40122597e+001 3.37689391e+001 3.38655624e+001 3.33998671e+001 3.29840662e+001 3.41314538e+001 3.37661860e+001
 1.41091159e+001 1.43802971e+001 1.38821902e+001 1.41949172e+001 1.41611097e+001 1.42497117e+001 1.40073989e+001 1.40652531e+001 1.40197286e+001 1.41338458e+001 1.42088325e+001 1.40810523e+001 1.40148073e+001 1.39922999e+001 1.41212917e+001 1.42617004e+001 1.40226127e+001 1.41558141e+001
 2.41099962e+001 2.40800060e+001 2.49059135e+001 2.36731918e+001 2.42937874e+001 2.34230165e+001 2.55054298e+001 2.59776776e+001 2.55593713e+001 2.43359195e+001 2.39665628e+001 2.49696176e+001 2.47826674e+001 2.62559543e+001 2.45533695e+001 2.30508075e+001 2.50022846e+001 2.42401584e+001
 1.34873901e+000 1.30294336e+000 1.71490642e+000 1.34928635e+000 1.25264061e+000 1.34923237e+000 1.20205304e+000 1.31318180e+000 1.21821008e+000 1.31561517e+000 1.36978657e+000 1.27576932e+000 1.29127470e+000 1.26524371e+000 1.32402865e+000 1.44131183e+000 1.22912557e+000 1.30676400e+000
 1.91982799e+001 1.93807545e+001 2.08024039e+001 1.98028860e+001 1.92452489e+001 2.03633727e+001 1.80799187e+001 1.98096424e+001 1.78827124e+001 1.92453197e+001 1.96597734e+001 1.86963920e+001 1.91472901e+001 1.80992587e+001 1.93471905e+001 2.07681999e+001 1.84581446e+001 1.91902027e+001
 2.41546863e+000 2.42722688e+000 1.88299410e+000 2.44684029e+000 2.40635905e+000 2.42979827e+000 2.38016368e+000 2.38784375e+000 2.41697875e+000 2.40930290e+000 2.42824617e+000 2.38521985e+000 2.39119870e+000 2.28046118e+000 2.40163514e+000 2.44839626e+000 2.37456800e+000 2.40304273e+000
 4.96546179e+000 4.92207999e+000 3.78771539e+000 5.07915151e+000 4.94515660e+000 4.99748531e+000 4.78310001e+000 4.90878324e+000 4.76669425e+000 4.95320234e+000 5.01050950e+000 4.86411199e+000 4.97831819e+000 4.60393669e+000 4.95656462e+000 5.06545023e+000 4.85162212e+000 4.95204625e+000
 2.35058686e+000 2.32348111e+000 1.72977043e+000 2.41583034e+000 2.33751541e+000 2.36669728e+000 2.26646914e+000 2.28955732e+000 2.24921883e+000 2.33070895e+000 2.37035210e+000 2.32286492e+000 2.36303270e+000 2.16405843e+000 2.33744125e+000 2.39476144e+000 2.31613480e+000 2.33606857e+000
 2.37957715e-002 1.84311546e-002 3.06072232e-002 2.10024457e-002 2.06096200e-002 1.93626347e-002 1.60333267e-002 2.56784976e-002 1.64798908e-002 1.61129602e-002 1.06170729e-002 1.27207653e-002 1.90615485e-002 1.80675446e-002 1.52158530e-002 2.63593724e-002 2.34789752e-002 2.33377443e-002
 8.69545171e-001 8.87569000e-001 1.37860263e+000 8.75957511e-001 8.66727068e-001 9.28972519e-001 8.42521932e-001 9.14815323e-001 8.27227698e-001 8.74942335e-001 8.81562695e-001 8.64224713e-001 8.56666457e-001 8.81783040e-001 8.82304072e-001 9.42020246e-001 8.44164051e-001 8.71017194e-001
 1.03487427e-001 1.04858802e-001 1.23529620e-001 1.03476291e-001 1.06947775e-001 1.06040242e-001 1.12492866e-001 1.12623283e-001 1.10987387e-001 1.08977139e-001 1.12650543e-001 1.00834298e-001 1.13825517e-001 1.10797193e-001 1.07617459e-001 1.04307825e-001 1.01657432e-001 1.00258149e-001
 5.51025848e+001 5.49220918e+001 5.52841075e+001 5.50179380e+001 5.49749129e+001 5.49748200e+001 5.48701416e+001 5.51116078e+001 5.51570229e+001 5.49333471e+001 5.50489448e+001 5.52032824e+001 5.49335436e+001 5.52285179e+001 5.49401889e+001 5.52309699e+001 5.47844883e+001 5.49655347e+001
 4.47754549e+001 4.50455103e+001 4.41297665e+001 4.47378819e+001 4.49261580e+001 4.48419134e+001 4.52122645e+001 4.48511417e+001 4.51268636e+001 4.45429393e+001 4.53329979e+001 4.46812663e+001 4.51149996e+001 4.48978017e+001 4.48197985e+001 4.46459156e+001 4.52492184e+001 4.44698695e+001
