 2.50525875e-001 2.50525875e-001 1.01657959e+000 2.50525875e-001 2.50525875e-001 2.50525875e-001 2.50525875e-001 2.50525875e-001 2.50525875e-001 2.50525875e-001 2.50525875e-001 2.50525875e-001 2.50525875e-001
 5.81108014e+003 3.66406036e+003 3.66406036e+003 3.66406036e+003 3.66406036e+003 3.66406036e+003 3.66406036e+003 3.66406036e+003 3.66406036e+003 3.66406036e+003 3.66406036e+003 3.66406036e+003 3.66406036e+003
 4.50929289e+003 8.35363632e+003 4.50929289e+003 4.50929289e+003 4.50929289e+003 4.50929289e+003 4.50929289e+003 4.50929289e+003 4.50929289e+003 4.50929289e+003 4.50929289e+003 4.50929289e+003 4.50929289e+003
 9.34775432e+000 9.34775432e+000 9.34775432e+000 1.52486939e+001 9.34775432e+000 9.34775432e+000 9.34775432e+000 9.34775432e+000 9.34775432e+000 9.34775432e+000 9.34775432e+000 9.34775432e+000 9.34775432e+000
 1.90675154e+001 1.77937534e+001 3.81416340e+001 2.17344533e+001 3.98660975e-007 3.39862073e+001 2.55262145e+001 2.69414835e+001 3.41876106e+001 3.52625957e+001 3.95216813e+001 3.41879515e+001 3.41038962e+001
 4.74460000e+001 4.74460000e+001 4.74460000e+001 4.74460000e+001 4.74460000e+001 4.74460000e+001 4.74460000e+001 4.74460000e+001 1.00000000e+002 4.74460000e+001 4.74460000e+001 4.74460000e+001 4.74460000e+001
 4.11060000e+001 4.11060000e+001 4.11060000e+001 4.11060000e+001 4.11060000e+001 4.11060000e+001 4.11060000e+001 4.11060000e+001 4.11060000e+001 1.00000000e+002 4.11060000e+001 4.11060000e+001 4.11060000e+001
 1.81140000e+001 1.81140000e+001 1.81140000e+001 1.81140000e+001 1.81140000e+001 1.81140000e+001 1.81140000e+001 1.81140000e+001 1.81140000e+001 1.81140000e+001 1.00000000e+002 1.81140000e+001 1.81140000e+001
 5.00000000e+001 5.00000000e+001 5.00000000e+001 5.00000000e+001 5.00000000e+001 5.00000000e+001 5.00000000e+001 5.00000000e+001 5.00000000e+001 5.00000000e+001 5.00000000e+001 1.00000000e+002 5.00000000e+001
 0.00000000e+000 1.89166327e+001 4.83294564e+001 3.19976824e+001 2.33140591e+001 4.46578550e+001 4.19919614e+001 4.23564744e+001 4.45521454e+001 4.58497481e+001 4.86932148e+001 4.46123730e+001 4.45590515e+001
 3.17155145e+003 3.03091106e+003 3.00140073e+003 3.14670994e+003 2.62416097e+003 3.00114943e+003 2.73933885e+003 2.70674101e+003 3.00179622e+003 3.00576787e+003 3.00246773e+003 3.00179715e+003 3.00153003e+003
 8.07097298e+001 8.63724667e+001 6.02649918e+001 7.78873794e+001 1.03150660e+002 7.06043015e+001 7.68455049e+001 7.49713182e+001 7.05629198e+001 7.26550433e+001 6.51383288e+001 7.14028505e+001 7.05407722e+001
 1.36361571e+002 1.38803345e+002 8.13521784e+001 1.35519000e+002 1.33233018e+002 8.44342521e+001 1.22365160e+002 1.20211251e+002 8.46250380e+001 5.96024124e+001 5.61156739e+001 8.42805450e+001 8.63214754e+001
 3.01967828e-001 2.87575496e-001 4.25079983e-001 3.55270839e-001 3.27924992e-001 9.64419482e-001 3.29689457e-001 3.37307245e-001 3.87012592e-001 4.05082724e-001 4.40464803e-001 3.86823242e-001 3.85874712e-001
 9.29931650e+001 9.82695575e+001 6.63303034e+001 8.52980741e+001 7.93481776e+001 6.36267010e+001 8.28299315e+001 7.99889476e+001 6.41218352e+001 6.10141188e+001 2.55458505e+001 6.46289512e+001 6.44608184e+001
 5.45485465e+001 5.58615442e+001 6.07236199e+001 5.61041128e+001 2.41224958e+000 3.55755494e+001 2.46922040e+000 4.99385709e+001 3.97800646e+001 2.54119001e+001 4.43943553e+001 3.68510638e+001 3.88569744e+001
 2.54716701e+003 2.62210026e+003 2.93904702e+003 2.82454415e+003 2.46150565e+003 2.93705656e+003 2.67146174e+003 2.63552826e+003 2.93847869e+003 2.94959294e+003 2.93975830e+003 2.93902267e+003 2.93718614e+003
 2.58452666e+001 2.63883024e+001 2.45248909e+001 2.53722435e+001 2.51092980e+001 2.44302803e+001 6.66069319e+001 2.51544826e+001 2.44604019e+001 2.42385545e+001 2.28985782e+001 2.44737877e+001 2.44798579e+001
 5.06109332e+001 4.99873219e+001 6.20842412e+001 5.32579128e+001 5.13077320e+001 4.77152228e+001 1.24289262e+002 -2.76893779e+001 4.73271433e+001 4.93833185e+001 4.00857630e+001 4.84805514e+001 4.98200568e+001
 3.03743530e+003 3.12462024e+003 3.41696594e+003 3.35449250e+003 2.74558130e+003 3.41883990e+003 3.14901357e+003 3.10414288e+003 3.41960273e+003 3.43477134e+003 3.41774409e+003 3.42009379e+003 3.41808861e+003
 2.30249002e+001 2.31679576e+001 2.29085206e+001 2.40611955e+001 2.30391496e+001 2.28209438e+001 2.16137841e+001 4.93130467e+001 2.30958550e+001 2.28315688e+001 2.24132287e+001 2.28473220e+001 2.28481523e+001
 6.84536545e+001 7.14227735e+001 6.44631036e+001 6.31586114e+001 6.82036061e+001 6.01107160e+001 6.76849804e+001 6.56721134e+001 6.78086512e+001 6.15541082e+001 3.85610560e+001 6.13279482e+001 6.09983624e+001
 2.12011318e+002 1.92056994e+002 2.38830368e+002 2.47597357e+002 2.13691831e+002 2.68081159e+002 2.17177259e+002 2.30705036e+002 4.55984018e+002 2.58380617e+002 4.12908472e+002 2.59900584e+002 2.62115615e+002
 3.14498270e+002 2.99893828e+002 3.94509008e+002 3.47164333e+002 3.10754834e+002 3.55748119e+002 3.33875231e+002 3.41569745e+002 3.56919002e+002 3.69450774e+002 3.59632170e+002 3.57246702e+002 3.56305531e+002
 1.09275966e+002 1.09597910e+002 6.97897270e+001 1.05503361e+002 1.03915913e+002 7.19333097e+001 9.56617355e+001 9.44753130e+001 7.19981973e+001 4.78313105e+001 5.09784110e+001 7.38732455e+001 7.32332354e+001
 7.56525522e+001 7.33883025e+001 7.07244154e+001 8.14108794e+001 6.69937586e+001 7.04888393e+001 7.65037306e+001 7.72841388e+001 7.02712008e+001 5.93728695e+001 4.39594814e+001 7.04895617e+001 7.10326302e+001
 3.05869901e+001 2.91462783e+001 3.87125340e+001 3.42567234e+001 3.15859433e+001 3.21744789e+001 3.12506039e+001 3.20658027e+001 3.26112496e+001 3.29454775e+001 3.42198563e+001 3.25931360e+001 3.23336255e+001
 8.61093462e+000 8.41831022e+000 8.51061464e+000 7.90959494e+000 7.57152427e+000 8.15358782e+000 8.55388556e+000 8.85607785e+000 8.52100741e+000 8.37650050e+000 7.75826806e+000 8.29094694e+000 8.42715789e+000
 2.49259026e+001 2.39089845e+001 2.38208430e+001 2.86729001e+001 2.70478292e+001 2.68975215e+001 2.58268894e+001 2.65509471e+001 2.68857625e+001 2.79429455e+001 2.95852809e+001 2.69926674e+001 2.67285192e+001
 9.53091725e+000 6.57604654e+000 8.47921590e+000 6.12489078e+000 9.65451785e+000 9.08337431e+000 6.88557450e+000 6.89991955e+000 9.11826756e+000 9.65683066e+000 1.12012340e+001 8.87474913e+000 8.54880274e+000
 1.89636351e+001 2.42173140e+001 1.42011630e+001 1.57780848e+001 1.75833253e+001 1.75467551e+001 2.04409912e+001 1.87455385e+001 1.75188439e+001 1.60367463e+001 1.43936026e+001 1.79314098e+001 1.78240303e+001
 1.80201332e+000 1.84117009e+000 1.62561681e+000 1.55705602e+000 2.33997228e+000 1.35868933e+000 1.89973693e+000 1.59888422e+000 1.45144302e+000 1.30443999e+000 1.00101922e+000 1.44184969e+000 1.42131409e+000
 2.98463338e+001 2.70700128e+001 4.06254067e+001 3.41007765e+001 3.29430667e+001 3.38355896e+001 3.17381529e+001 3.32604055e+001 3.40308347e+001 3.50411323e+001 3.72620337e+001 3.42221373e+001 3.39114591e+001
 1.54314723e+001 1.54599684e+001 1.10500660e+001 1.40734850e+001 1.83233825e+001 1.06866374e+001 1.36978874e+001 1.37516356e+001 1.09959897e+001 1.07997630e+001 9.82951815e+000 1.09638025e+001 1.12592877e+001
 2.02144218e+001 1.79300272e+001 2.32267173e+001 2.53030027e+001 2.22790917e+001 2.66815138e+001 2.30382581e+001 2.42594051e+001 2.70134265e+001 2.81779576e+001 3.09667194e+001 2.72227928e+001 2.66430561e+001
 7.36718002e-001 6.58604714e-001 7.85524922e+000 4.65449117e-002 4.21435047e-001 8.53612754e+000 7.94813778e-001 1.38357220e+000 8.44816324e+000 9.62480540e+000 1.11547508e+001 8.18376420e+000 8.06472563e+000
 1.93408694e+001 2.32981170e+001 1.13638863e+001 1.54669581e+001 1.50536404e+001 1.48435361e+001 1.97350061e+001 1.86024632e+001 1.46952490e+001 1.12760522e+001 9.63917289e+000 1.52921405e+001 1.51980882e+001
 3.16679986e+000 3.60933748e+000 1.67485508e+000 2.61964484e+000 4.02444241e+000 1.39596926e+000 2.51780798e+000 2.27116550e+000 1.49665800e+000 1.10465136e+000 8.29799625e-001 1.39151516e+000 1.49109572e+000
 7.28336375e+000 7.74057428e+000 2.72420988e+000 5.39437528e+000 5.06133288e+000 2.60165501e+000 5.12553140e+000 4.80293934e+000 2.48620514e+000 2.32828897e+000 6.11476655e-001 2.68772374e+000 2.65441938e+000
 3.58466528e+000 4.06213555e+000 1.42937676e+000 2.53883128e+000 2.57081820e+000 1.13877194e+000 2.41801899e+000 2.33836206e+000 1.15918722e+000 1.03988127e+000 8.86421787e-002 1.16526720e+000 1.15244112e+000
 2.84202279e-002 1.34755339e-002 3.44086162e-002 2.43493331e-002 2.44472068e-003 6.47675968e-002 3.13087878e-002 1.72344739e-002 5.13456981e-002 6.21018015e-002 2.79644032e-001 3.91649754e-002 5.13341464e-002
 7.97581543e-001 8.48140040e-001 5.29434786e-001 6.90269195e-001 6.85183734e-001 9.61844324e-001 1.53787809e+000 8.41806334e-001 7.10973634e-001 8.26394872e-001 1.87011157e+000 9.11084721e-001 8.62882806e-001
 1.10778033e-001 9.73153174e-002 9.08442879e-002 9.24837042e-002 1.15029626e-001 1.12597932e-001 1.70132016e-001 8.65027935e-002 8.72844450e-002 9.54210452e-002 1.91721866e-001 9.02509588e-002 1.01416771e-001
 5.36307693e+001 5.30045957e+001 5.12179280e+001 5.35672940e+001 5.25021548e+001 5.46690484e+001 5.39400966e+001 5.45649975e+001 5.33269079e+001 5.42091253e+001 5.42456599e+001 5.43101634e+001 5.34608524e+001
 4.32918452e+001 4.41736060e+001 4.74153483e+001 4.39574405e+001 4.50587095e+001 4.29518192e+001 4.37034033e+001 4.37533600e+001 4.44420274e+001 4.45985874e+001 4.28147130e+001 4.35452703e+001 4.31605693e+001
